0.150000 1.000000
0.200000 2.000000
0.290000 4.000000
0.240000 7.000000
0.270000 5.000000
0.300000 5.000000
0.180000 3.000000
0.240000 2.000000
0.140000 1.000000
0.200000 1.000000
0.150000 1.000000
0.210000 2.000000
0.320000 5.000000
0.230000 1.000000
0.210000 2.000000
0.220000 1.000000
0.240000 4.000000
0.260000 3.000000
0.240000 4.000000
0.280000 4.000000
0.250000 2.000000
0.290000 3.000000
0.230000 1.000000
0.200000 3.000000
0.260000 0.000000
0.210000 0.000000
0.280000 3.000000
0.230000 4.000000
0.200000 1.000000
0.400000 4.000000
0.140000 1.000000
0.270000 3.000000
0.200000 1.000000
0.210000 2.000000
0.250000 3.000000
0.200000 3.000000
0.250000 1.000000
0.120000 1.000000
0.220000 0.000000
0.210000 1.000000
0.220000 4.000000
0.140000 1.000000
0.200000 2.000000
0.290000 4.000000
0.240000 7.000000
0.280000 5.000000
0.290000 5.000000
0.190000 3.000000
0.230000 2.000000
0.150000 1.000000
0.190000 1.000000
0.170000 1.000000
0.210000 3.000000
0.320000 4.000000
0.210000 1.000000
0.210000 2.000000
0.220000 1.000000
61.440000 8.000000
273.760000 15.000000
222.740000 14.000000
197.150000 18.000000
406.660000 15.000000
551.910000 5.000000
352.230000 20.000000
482.870000 11.000000
333.650000 15.000000
295.580000 16.000000
550.740000 19.000000
469.170000 24.000000
849.100000 9.000000
411.580000 15.000000
479.260000 21.000000
541.150000 23.000000
1207.530000 13.000000
777.540000 14.000000
464.160000 20.000000
545.740000 15.000000
1141.250000 2.000000
411.520000 22.000000
590.650000 8.000000
393.100000 14.000000
1403.290000 6.000000
2952.920000 4.000000
32686.870000 1.000000
114576.160000 3.000000
22581.900000 2.000000
21776.920000 3.000000
164792.780000 4.000000
195537.120000 2.000000
118720.630000 3.000000
268375.360000 3.000000
232596.330000 3.000000
254897.300000 5.000000
240347.410000 3.000000
420700.610000 3.000000
505759.890000 5.000000
745417.880000 7.000000
691381.060000 6.000000
953103.080000 9.000000
2027558.100000 14.000000
2817042.350000 13.000000
3428546.010000 16.000000
3410097.390000 12.000000
3179162.080000 15.000000
2441051.500000 13.000000
3599901.500000 16.000000
4618561.620000 12.000000
4374431.850000 11.000000
3260711.500000 10.000000
2715213.140000 7.000000
2262255.570000 9.000000
1723799.530000 10.000000
1609947.850000 7.000000
1335458.770000 7.000000
1218274.130000 6.000000
1055545.160000 7.000000
641944.650000 5.000000
681600.340000 6.000000
814117.500000 1.000000
200690.430000 13.000000
1219004.650000 0.000000
270826.000000 25.000000
128647.330000 41.000000
161725.550000 31.000000
342610.720000 33.000000
181733.040000 65.000000
147001.420000 36.000000
135917.010000 61.000000
188942.810000 68.000000
164282.310000 71.000000
237723.880000 64.000000
145643.020000 61.000000
287767.410000 64.000000
274702.330000 67.000000
217383.760000 41.000000
254653.170000 62.000000
331598.060000 56.000000
314667.880000 73.000000
177591.260000 70.000000
258940.410000 64.000000
365851.770000 67.000000
283516.230000 73.000000
286806.090000 78.000000
254909.790000 77.000000
283236.420000 71.000000
155254.250000 61.000000
241565.690000 68.000000
198976.700000 70.000000
234811.610000 62.000000
186505.440000 40.000000
169930.000000 62.000000
162832.570000 70.000000
166700.700000 64.000000
152248.210000 57.000000
135570.050000 70.000000
159648.790000 67.000000
176004.380000 74.000000
148482.030000 69.000000
241796.670000 71.000000
218884.670000 71.000000
161757.170000 65.000000
241364.810000 60.000000
179882.050000 58.000000
158435.950000 66.000000
226637.760000 64.000000
174377.680000 59.000000
152503.200000 64.000000
132447.090000 75.000000
69656.220000 71.000000
145054.620000 74.000000
151923.500000 69.000000
109414.560000 74.000000
98259.190000 66.000000
169445.150000 70.000000
134743.690000 64.000000
172649.840000 72.000000
119607.240000 69.000000
122160.240000 69.000000
127486.280000 68.000000
125065.840000 72.000000
194445.250000 73.000000
131319.410000 72.000000
129256.410000 65.000000
83596.730000 75.000000
138865.260000 72.000000
145897.770000 66.000000
118749.200000 69.000000
108614.010000 63.000000
90427.820000 70.000000
71951.060000 71.000000
57186.850000 65.000000
71150.640000 71.000000
84178.830000 66.000000
124714.630000 74.000000
84081.450000 65.000000
93478.460000 71.000000
96066.330000 63.000000
115945.140000 69.000000
68050.730000 59.000000
89536.030000 56.000000
69049.030000 48.000000
59010.730000 67.000000
47946.350000 72.000000
46286.370000 57.000000
76619.200000 75.000000
40484.150000 65.000000
52689.970000 61.000000
63972.160000 56.000000
36543.280000 57.000000
32189.960000 70.000000
25071.220000 65.000000
34531.410000 70.000000
38624.330000 63.000000
24056.060000 62.000000
28072.740000 66.000000
13598.610000 57.000000
16424.960000 64.000000
21369.290000 65.000000
11995.730000 61.000000
6220.070000 59.000000
9113.840000 48.000000
5646.600000 48.000000
5049.530000 39.000000
24338.220000 0.000000
18602.510000 0.000000
6119.280000 10.000000
1777.760000 14.000000
3364.550000 4.000000
538.070000 21.000000
4417.420000 4.000000
13537.380000 0.000000
13273.500000 0.000000
2503.800000 14.000000
764.190000 14.000000
1112.010000 9.000000
772.360000 7.000000
3822.590000 4.000000
4173.190000 2.000000
1076.030000 8.000000
13106.530000 0.000000
10753.650000 0.000000
7500.210000 0.000000
3138.590000 6.000000
1576.140000 7.000000
3544.050000 2.000000
1538.230000 3.000000
3229.670000 0.000000
3975.260000 0.000000
2530.190000 0.000000
1612.870000 12.000000
547.440000 16.000000
1387.810000 15.000000
3485.570000 0.000000
3751.150000 0.000000
3310.730000 1.000000
3002.510000 0.000000
1861.370000 4.000000
4813.500000 2.000000
3122.700000 1.000000
3996.840000 0.000000
6386.430000 0.000000
4491.750000 0.000000
938.640000 13.000000
509.450000 18.000000
688.240000 24.000000
1520.230000 7.000000
5729.160000 2.000000
7037.430000 0.000000
1140.790000 9.000000
1378.650000 10.000000
1818.240000 1.000000
2117.790000 2.000000
1275.900000 17.000000
4047.320000 4.000000
1331.840000 4.000000
6231.490000 5.000000
973.150000 16.000000
683.990000 12.000000
3259.710000 0.000000
981.620000 13.000000
1132.830000 7.000000
1665.210000 11.000000
8488.710000 2.000000
16386.950000 0.000000
12279.660000 0.000000
13351.060000 0.000000
4926.280000 2.000000
982.010000 14.000000
11106.320000 3.000000
106190.900000 2.000000
73296.300000 3.000000
278504.360000 4.000000
302796.810000 2.000000
229143.200000 4.000000
356897.140000 3.000000
267913.960000 4.000000
539297.020000 3.000000
627136.110000 3.000000
608998.590000 3.000000
685010.230000 3.000000
626765.960000 6.000000
1201907.610000 6.000000
2840731.920000 5.000000
3748775.880000 5.000000
4287828.600000 5.000000
4497601.220000 7.000000
5026654.750000 7.000000
2804043.170000 7.000000
5099471.160000 6.000000
5449723.380000 5.000000
4882818.800000 8.000000
4732730.460000 7.000000
4648806.740000 7.000000
5135269.490000 5.000000
5347430.870000 5.000000
3616781.130000 7.000000
5352870.990000 7.000000
6661435.760000 6.000000
6506511.720000 5.000000
7181064.390000 7.000000
7131186.910000 7.000000
4406708.060000 6.000000
4119250.660000 7.000000
4209578.400000 6.000000
2900431.520000 6.000000
2107463.800000 3.000000
2343028.650000 5.000000
2781081.050000 5.000000
2289435.540000 4.000000
1335892.810000 4.000000
2553712.210000 5.000000
2298434.990000 5.000000
1169067.240000 4.000000
2007370.550000 7.000000
1716161.720000 6.000000
912003.860000 7.000000
1818393.040000 6.000000
1337794.320000 9.000000
595398.760000 2.000000
1078406.850000 6.000000
747072.280000 4.000000
777986.000000 6.000000
866059.960000 6.000000
464516.990000 5.000000
848565.120000 5.000000
664296.950000 5.000000
329467.200000 6.000000
437694.880000 8.000000
169124.360000 6.000000
391794.610000 7.000000
256774.800000 6.000000
196291.970000 6.000000
197628.620000 6.000000
102542.690000 5.000000
136749.070000 6.000000
106548.780000 2.000000
36720.150000 5.000000
58221.290000 1.000000
29559.710000 1.000000
37421.490000 1.000000
19184.470000 2.000000
18527.270000 1.000000
13389.180000 1.000000
5791.330000 8.000000
3712.130000 6.000000
4358.520000 9.000000
4607.540000 0.000000
6238.520000 1.000000
1875.680000 8.000000
1161.860000 8.000000
872.880000 11.000000
1151.680000 11.000000
1474.180000 5.000000
5473.250000 0.000000
4760.680000 0.000000
3045.690000 2.000000
1246.550000 6.000000
862.610000 12.000000
1318.280000 8.000000
1733.060000 8.000000
828.740000 11.000000
3348.730000 2.000000
1421.580000 9.000000
484.620000 25.000000
2281.770000 2.000000
1941.110000 6.000000
2101.350000 0.000000
710.300000 14.000000
4198.410000 2.000000
2306.770000 4.000000
3018.040000 4.000000
2442.750000 15.000000
5011.220000 0.000000
1558.590000 7.000000
1080.030000 16.000000
1107.240000 9.000000
1640.840000 11.000000
1920.920000 9.000000
849.730000 17.000000
2291.920000 14.000000
1305.370000 12.000000
722.870000 16.000000
1083.290000 11.000000
2045.120000 9.000000
648.810000 22.000000
2032.860000 6.000000
3183.740000 10.000000
1197.610000 13.000000
752.820000 14.000000
436.190000 15.000000
3058.500000 4.000000
1773.900000 4.000000
2618.070000 4.000000
794.650000 17.000000
628.380000 18.000000
683.350000 16.000000
655.920000 10.000000
646.540000 18.000000
1394.920000 10.000000
537.720000 18.000000
3394.260000 2.000000
421.050000 22.000000
2384.930000 5.000000
2056.780000 10.000000
2239.380000 2.000000
3293.880000 4.000000
587.880000 18.000000
1671.570000 6.000000
2424.070000 4.000000
644.960000 12.000000
1124.250000 12.000000
4362.580000 1.000000
1270.160000 7.000000
1814.820000 6.000000
1462.410000 4.000000
4080.850000 10.000000
4890.710000 7.000000
202556.440000 2.000000
488517.810000 2.000000
835915.690000 6.000000
1381818.000000 6.000000
2589344.620000 6.000000
4113030.070000 6.000000
6473326.630000 6.000000
7906197.330000 11.000000
9155195.650000 10.000000
9266089.910000 17.000000
11864033.170000 14.000000
11387087.410000 13.000000
17684074.190000 19.000000
36779334.380000 24.000000
27119241.140000 22.000000
26528866.510000 22.000000
27661576.050000 23.000000
51535668.630000 20.000000
45193316.120000 21.000000
40343481.960000 20.000000
47154255.790000 19.000000
38230226.890000 22.000000
30190268.890000 16.000000
14495249.390000 18.000000
3395024.570000 2.000000
1242722.720000 10.000000
966478.210000 12.000000
881846.890000 12.000000
419750.200000 19.000000
127725.120000 43.000000
255416.170000 26.000000
201639.900000 51.000000
125334.360000 58.000000
261043.900000 53.000000
257371.320000 63.000000
271823.450000 60.000000
359331.640000 59.000000
426384.670000 52.000000
327656.090000 76.000000
254072.550000 71.000000
185511.680000 72.000000
151435.390000 64.000000
247986.970000 69.000000
312242.020000 57.000000
244436.030000 57.000000
120881.610000 59.000000
211447.550000 76.000000
194113.430000 52.000000
200929.940000 48.000000
74544.810000 64.000000
101408.300000 55.000000
67631.120000 55.000000
82488.420000 50.000000
131630.470000 43.000000
58605.980000 60.000000
62940.320000 72.000000
57667.520000 70.000000
90217.520000 75.000000
74285.870000 58.000000
67677.100000 54.000000
45754.260000 68.000000
58699.020000 68.000000
50416.000000 63.000000
38580.920000 48.000000
34888.370000 58.000000
19992.870000 57.000000
16192.950000 53.000000
8898.610000 57.000000
11143.700000 57.000000
7219.320000 63.000000
5841.360000 50.000000
15744.870000 12.000000
19891.210000 2.000000
7765.750000 22.000000
6121.760000 22.000000
11279.660000 4.000000
11179.020000 0.000000
3190.300000 14.000000
2015.850000 15.000000
6459.170000 2.000000
1107.140000 11.000000
729.800000 13.000000
1303.220000 6.000000
5858.800000 2.000000
2222.590000 10.000000
885.110000 12.000000
1081.770000 10.000000
1841.140000 11.000000
9407.150000 0.000000
11303.100000 0.000000
7903.480000 0.000000
1635.290000 9.000000
4939.000000 1.000000
5473.390000 0.000000
918.250000 15.000000
2950.860000 0.000000
1304.840000 10.000000
914.040000 12.000000
1048.180000 7.000000
576.430000 19.000000
1225.330000 10.000000
1140.440000 8.000000
685.510000 20.000000
1058.480000 10.000000
1119.920000 5.000000
805.980000 19.000000
3065.820000 2.000000
1801.510000 3.000000
2603.350000 6.000000
1728.920000 9.000000
1950.340000 1.000000
3834.530000 2.000000
1509.470000 4.000000
1410.590000 4.000000
1711.710000 9.000000
472.080000 19.000000
954.700000 18.000000
772.700000 12.000000
4070.000000 0.000000
1355.290000 2.000000
327.550000 21.000000
1634.360000 9.000000
2637.100000 4.000000
3964.540000 0.000000
1697.660000 7.000000
1225.530000 11.000000
934.760000 9.000000
2104.100000 7.000000
721.030000 10.000000
690.640000 13.000000
1117.140000 14.000000
2413.130000 8.000000
1124.190000 4.000000
2310.490000 7.000000
1715.140000 12.000000
518.030000 22.000000
401.810000 19.000000
911.740000 11.000000
1070.150000 4.000000
1504.950000 5.000000
3850.840000 0.000000
1668.030000 0.000000
1463.880000 6.000000
440.100000 17.000000
563.210000 19.000000
546.190000 15.000000
676.590000 12.000000
1062.960000 7.000000
1281.920000 4.000000
2872.830000 9.000000
923.690000 15.000000
4508.350000 5.000000
4419.370000 5.000000
3293.770000 0.000000
7302.750000 0.000000
3028.780000 0.000000
966.030000 16.000000
761.940000 21.000000
2195.180000 2.000000
933.250000 12.000000
4183.380000 0.000000
13552.570000 2.000000
180889.790000 2.000000
312469.490000 2.000000
434200.750000 2.000000
620444.780000 2.000000
805074.850000 6.000000
776941.190000 5.000000
976918.480000 4.000000
1914972.790000 6.000000
3161775.630000 10.000000
4186470.260000 8.000000
6480249.760000 8.000000
6660756.420000 7.000000
7936501.680000 8.000000
7319244.830000 9.000000
7345199.930000 6.000000
8359384.990000 7.000000
8710127.400000 7.000000
8383524.740000 6.000000
8159000.180000 9.000000
7137025.960000 8.000000
6676585.700000 6.000000
8597672.160000 6.000000
8739615.240000 6.000000
5251374.900000 8.000000
5562198.720000 7.000000
4754601.030000 6.000000
7568689.050000 7.000000
7370069.640000 6.000000
7405632.960000 7.000000
7382970.960000 5.000000
7234598.540000 7.000000
5766525.090000 5.000000
2326809.700000 9.000000
2605938.140000 5.000000
2018513.240000 5.000000
1050458.450000 8.000000
657261.450000 5.000000
524063.190000 6.000000
314551.050000 5.000000
157362.110000 6.000000
129703.090000 3.000000
101870.360000 1.000000
79081.610000 2.000000
46654.010000 1.000000
57427.990000 1.000000
24200.520000 2.000000
19988.120000 1.000000
14224.010000 5.000000
6655.160000 3.000000
4689.930000 6.000000
4718.700000 4.000000
3479.740000 6.000000
3079.360000 3.000000
2122.420000 8.000000
1237.010000 11.000000
1276.790000 4.000000
1639.750000 7.000000
554.870000 11.000000
2950.230000 0.000000
1838.690000 2.000000
562.450000 10.000000
2005.040000 4.000000
1678.810000 8.000000
2090.050000 2.000000
1070.050000 13.000000
1069.420000 12.000000
505.890000 20.000000
648.140000 17.000000
3929.960000 2.000000
1037.610000 12.000000
376.080000 13.000000
1181.890000 10.000000
2707.090000 4.000000
2534.830000 8.000000
1477.620000 9.000000
538.040000 12.000000
2249.030000 5.000000
2005.840000 1.000000
6749.720000 0.000000
11126.150000 0.000000
6354.630000 2.000000
1517.390000 17.000000
1380.700000 7.000000
1333.230000 10.000000
2650.000000 6.000000
6278.590000 0.000000
13765.910000 0.000000
6057.920000 0.000000
1119.980000 14.000000
559.060000 23.000000
2313.560000 8.000000
1121.780000 13.000000
3624.950000 1.000000
3195.850000 2.000000
1406.950000 0.000000
4458.450000 0.000000
5645.390000 0.000000
668.090000 14.000000
1084.930000 10.000000
643.090000 12.000000
1864.260000 6.000000
3699.250000 0.000000
1847.810000 4.000000
4011.660000 0.000000
4209.850000 0.000000
2796.730000 2.000000
879.640000 12.000000
1817.500000 4.000000
722.240000 12.000000
1239.490000 11.000000
