1691.970000 20.000000
4989.380000 2.000000
6716.400000 2.000000
5013.790000 4.000000
1798.030000 6.000000
367.080000 24.000000
731.710000 16.000000
676.870000 7.000000
1106.890000 11.000000
600.460000 18.000000
818.600000 14.000000
776.780000 8.000000
2026.000000 8.000000
1079.880000 12.000000
3843.820000 4.000000
740.300000 19.000000
638.390000 16.000000
1578.740000 8.000000
8173.480000 0.000000
24474.040000 0.000000
7710.230000 2.000000
2396.990000 4.000000
11625.950000 0.000000
12750.350000 2.000000
11283.100000 0.000000
11718.690000 0.000000
5577.030000 1.000000
720.970000 15.000000
5383.530000 6.000000
5106.320000 0.000000
1791.580000 2.000000
6868.490000 0.000000
2710.870000 7.000000
3889.790000 5.000000
3992.000000 2.000000
2378.230000 3.000000
1989.110000 9.000000
2583.990000 7.000000
1125.580000 9.000000
4903.230000 3.000000
7932.970000 0.000000
3162.050000 2.000000
2532.720000 1.000000
2125.380000 7.000000
2508.380000 4.000000
657.710000 18.000000
1645.220000 8.000000
2336.870000 6.000000
949.350000 16.000000
1216.410000 13.000000
2519.070000 11.000000
2417.030000 4.000000
1142.580000 12.000000
525.700000 22.000000
861.700000 15.000000
1100.870000 15.000000
561.680000 14.000000
1468.950000 5.000000
1154.860000 8.000000
1091.360000 8.000000
1009.260000 11.000000
1712.960000 8.000000
4175.330000 0.000000
5329.340000 2.000000
797.870000 19.000000
1133.840000 11.000000
1100.920000 6.000000
4532.610000 2.000000
2363.430000 7.000000
4801.510000 0.000000
1522.130000 12.000000
1186.280000 16.000000
2303.520000 3.000000
1558.150000 10.000000
586.340000 13.000000
1052.360000 12.000000
1259.270000 12.000000
1683.260000 12.000000
762.980000 13.000000
1663.850000 8.000000
828.760000 18.000000
1236.900000 9.000000
1041.320000 22.000000
2743.400000 4.000000
1094.800000 14.000000
1062.540000 9.000000
2172.660000 5.000000
5255.630000 0.000000
5075.850000 2.000000
8175.040000 0.000000
14513.220000 0.000000
1404.790000 17.000000
1851.820000 17.000000
6179.180000 0.000000
7859.750000 0.000000
5289.730000 0.000000
3861.230000 0.000000
2495.760000 4.000000
568.670000 19.000000
803.760000 12.000000
1839.220000 0.000000
1125.560000 12.000000
1677.560000 6.000000
1000.920000 13.000000
1124.610000 7.000000
3849.710000 2.000000
2688.320000 3.000000
820.690000 17.000000
1947.540000 0.000000
959.230000 8.000000
3584.920000 4.000000
1206.270000 8.000000
4500.150000 2.000000
7122.750000 0.000000
2064.210000 5.000000
4380.840000 0.000000
3634.220000 0.000000
2713.400000 8.000000
702.400000 10.000000
1459.240000 11.000000
1348.330000 13.000000
4807.990000 4.000000
15217.480000 0.000000
7362.000000 0.000000
748.990000 10.000000
1629.510000 10.000000
5726.140000 0.000000
1894.890000 7.000000
2891.860000 4.000000
3060.980000 0.000000
1740.430000 4.000000
1275.820000 5.000000
4684.490000 0.000000
1977.120000 3.000000
887.810000 16.000000
426.330000 22.000000
493.700000 21.000000
1282.050000 6.000000
3452.160000 8.000000
8509.950000 0.000000
2807.000000 1.000000
5188.930000 1.000000
5856.010000 0.000000
5560.740000 0.000000
2590.630000 2.000000
910.720000 6.000000
407.690000 26.000000
755.900000 15.000000
903.760000 10.000000
467.790000 20.000000
783.500000 13.000000
959.200000 14.000000
7332.800000 0.000000
6337.050000 0.000000
8910.690000 0.000000
2403.640000 5.000000
869.670000 12.000000
896.770000 8.000000
1225.550000 5.000000
2408.840000 6.000000
1169.340000 12.000000
1282.170000 10.000000
7008.910000 2.000000
9893.110000 0.000000
19098.410000 0.000000
10768.170000 0.000000
3365.900000 4.000000
6354.790000 0.000000
3194.560000 2.000000
2656.510000 0.000000
3608.190000 2.000000
