SAMPLES:	17111
BITSPERSAMPLE:	16
CHANNELS:	1
SAMPLERATE:	16000
NORMALIZED:	FALSE
-30
-44
3
-7
-43
9
-85
-72
-52
-80
-60
-42
-33
-42
-27
-2
-7
2
1
8
3
-59
-40
-9
-1
-9
2
-35
-3
-7
6
8
-12
-14
-54
-43
-47
-14
20
27
-17
41
25
2
-6
-21
0
-29
42
2
2
-15
-14
-52
-59
-42
-55
-17
-48
-24
-23
-18
-38
3
-14
-28
16
-24
-85
-57
-19
-50
-65
-20
-19
-58
-25
-14
-15
-23
-27
-29
-24
-28
-50
-21
-25
-47
-55
-69
-66
-94
-84
-54
-41
-72
-99
-79
-56
-72
-34
-20
-23
-42
-56
-47
-61
-57
-55
-47
-31
-22
-12
-43
-53
-72
-121
-117
-129
-125
-65
-69
-71
-42
-85
-81
-91
-112
-112
-70
-43
-71
-39
-64
-39
-69
-71
-80
-78
-25
-94
-51
-62
-81
-58
-77
-76
-68
-57
-63
-26
25
-19
-57
-33
-52
-63
-24
-39
-28
-13
-75
-14
-17
-47
-43
-54
-64
-81
-61
-82
-87
-67
-71
-134
-96
-89
-92
-45
-78
-97
-88
-65
-65
-96
-55
-75
-84
-70
-97
-70
-76
-68
-69
-60
-86
-113
-84
-112
-71
-69
-85
-71
-53
-43
-92
-82
-89
-115
-55
-82
-101
-63
-61
-101
-108
-74
-115
-85
-91
-81
-67
-28
-42
-62
-57
-86
-28
-39
-38
-42
-30
-71
-90
-55
-71
-64
-32
-23
4
8
-9
-49
-73
-65
-94
-37
-48
-75
-95
-121
-107
-120
-136
-136
-118
-93
-102
-92
-84
-112
-101
-91
-88
-85
-72
-81
-74
-54
-42
-68
-62
-69
-102
-125
-128
-109
-99
-101
-87
-84
-137
-142
-119
-124
-117
-84
-92
-71
-71
-49
-46
-48
-41
-58
-53
-39
-24
-64
-68
-74
-70
-80
-87
-78
-56
-59
-66
-61
-61
-87
-91
-99
-118
-119
-83
-93
-102
-74
-105
-118
-107
-70
-87
-88
-72
-98
-110
-80
-82
-83
-77
-88
-92
-83
-89
-60
-29
-22
-38
-33
-43
-62
-65
-61
-82
-107
-58
-76
-82
-66
-78
-115
-113
-108
-110
-96
-97
-74
-63
-70
-44
-40
-38
-12
-25
-5
-2
7
18
7
-18
-39
-50
-34
-37
-37
-37
-37
-38
-56
-52
-66
-66
-67
-49
-11
-10
-2
10
-31
-80
-79
-71
-80
-58
-34
-52
-51
-58
-53
-61
-43
-25
-51
-57
-54
-43
-58
-63
-68
-57
-51
-63
-67
-49
-65
-80
-73
-76
-82
-81
-64
-46
-59
-46
-38
-38
-11
-1
-9
-6
-4
-14
-33
-32
-25
-13
-33
-43
-41
-55
-69
-91
-74
-70
-45
-34
-27
-9
-33
-13
-25
-18
-10
-2
28
0
5
-1
-15
-30
-26
-28
-42
-48
-51
-35
-22
-29
-20
-14
-28
-24
-28
-2
2
31
50
29
26
44
52
49
67
66
49
20
16
2
-13
13
21
19
14
16
10
1
-10
-2
2
-5
7
-11
-23
-19
-7
19
3
31
25
7
12
9
28
14
9
8
8
5
-3
8
11
-3
-1
4
13
21
12
21
23
21
34
41
36
19
18
11
2
-20
-13
1
2
27
-9
-19
-20
-22
-6
1
-2
-21
-32
-25
-24
1
-2
5
-24
-33
-17
-15
0
-6
10
-14
-29
-19
-15
-4
2
9
3
11
4
-17
-12
-16
-17
-18
-19
-16
-9
-2
1
-8
-32
-44
-40
-41
-22
-28
-2
-14
-28
-17
-2
-18
-42
-48
-46
-40
-23
-18
-17
-10
-31
-35
-31
-47
-1
2
-5
19
1
-22
-33
-9
-10
-1
-1
-30
-13
-27
-40
-14
-21
-14
-19
-24
-28
-40
-44
-61
-56
-46
-44
-32
-1
9
2
1
-34
-30
-13
-13
9
-16
-31
-32
-34
-35
-21
-25
-38
-17
-19
-7
18
25
32
24
8
15
3
13
20
9
17
26
14
10
-11
-1
27
43
34
12
-5
-18
-31
-23
-20
-33
-26
-33
-54
-41
-38
-24
-29
-45
-54
-39
-25
-9
1
-1
4
-20
-23
-26
-20
0
-10
-13
0
17
14
14
18
-2
-21
-23
-16
-8
-21
-23
-27
-27
-34
-39
-57
-55
-43
-12
-9
-26
-46
-69
-31
-25
-20
-27
-41
-44
-70
-59
-40
-23
-20
0
-13
-18
-16
-11
-1
-25
-6
-15
-8
6
10
22
17
15
-8
-27
-37
-34
-40
-32
-28
-28
-11
-1
-18
-17
-13
-18
-7
-22
-15
-7
6
2
33
32
1
2
-13
-22
-12
6
-10
-7
-12
-6
-6
-15
-27
-44
-34
-44
-47
-22
-13
-1
-6
-23
-25
-35
-24
-14
-9
-13
-7
-41
-34
-33
-42
-29
-36
-29
-13
-13
15
24
13
-8
-17
-17
-27
-11
-25
-27
-14
-14
2
-31
-62
-49
-38
-6
10
16
14
-11
-36
-61
-55
-22
-25
-7
-19
-8
-36
-49
-41
-47
-14
1
11
18
5
-9
-22
-36
-20
-41
-53
-51
-49
-56
-57
-51
-47
-52
-41
-24
-29
-31
-25
-9
-45
-66
-75
-61
-65
-70
-38
-28
-39
-34
-40
-52
-32
3
18
23
9
-7
-13
1
19
7
9
0
11
6
-8
1
-3
-16
-9
-4
-15
0
18
9
16
16
26
30
15
3
-13
-30
-28
-39
-60
-54
-38
-27
-22
-33
-46
-39
-52
-29
13
0
5
7
-16
-44
-31
-22
4
36
28
10
6
-7
-16
18
12
28
15
3
9
-17
-25
-23
-16
-11
-10
-5
4
10
15
1
12
-15
-19
-14
-4
1
12
12
4
-11
-31
-24
-23
12
35
20
18
11
23
23
25
23
33
42
54
62
54
52
36
15
7
6
-20
-9
2
9
-13
-12
-16
-37
-19
-9
-14
-4
27
37
37
44
37
44
40
39
19
13
3
-10
-29
-42
-43
-18
-9
-16
-6
-16
-9
-2
10
-18
-47
-23
-11
-7
-6
-7
-5
-2
1
-11
-4
11
10
15
18
-3
-18
-4
-13
-14
-23
-26
-24
-31
-33
-23
-26
-10
-17
-22
-19
3
-2
-6
11
-10
-16
-40
-19
-5
-14
-23
-41
-56
-65
-45
-52
-37
-42
-36
-41
-62
-61
-77
-61
-50
-21
-4
-1
-1
-1
4
-9
-11
-1
-29
-33
-42
-49
-26
-14
-9
-26
-17
-20
-27
-4
3
7
-3
-10
-2
1
26
4
1
0
-5
1
5
13
27
29
31
20
10
23
16
21
0
0
9
0
-1
-8
-2
-13
-19
-9
-17
-20
-19
-10
-28
-21
-14
-1
28
36
30
22
26
17
21
34
45
49
38
43
60
49
44
41
18
36
44
40
53
58
62
46
53
64
60
52
59
38
38
31
10
-9
-8
-14
-19
-16
-18
6
13
14
13
12
0
-15
-22
-16
-3
13
28
31
21
22
35
32
47
60
73
56
47
30
36
32
37
42
34
51
53
63
65
66
61
44
35
26
5
28
37
54
61
38
41
38
39
57
96
132
138
118
108
71
52
41
26
27
23
26
38
68
42
48
44
57
54
45
48
20
10
-5
-7
-9
-8
5
-15
-24
-15
-17
-7
0
6
21
25
28
42
43
41
22
-6
-10
-15
-25
-21
-4
2
11
21
-4
-10
19
19
18
12
-5
-31
-46
-44
-53
-34
-26
-29
-11
-51
-36
-17
-2
27
12
1
-11
19
2
13
39
47
23
50
61
39
39
48
36
28
25
17
7
-1
38
13
8
0
18
29
41
30
13
24
19
20
7
13
7
-2
-24
-40
-37
-44
-31
-37
-30
-22
-32
-24
-28
-40
-44
-53
-53
-42
-22
-20
-25
-1
7
-6
-25
-26
-21
-8
-15
-27
-35
-49
-50
-70
-71
-62
-41
-27
-19
-11
-33
-36
-41
-58
-44
-53
-34
-17
-19
-14
2
4
-45
-45
-55
-50
-44
-10
4
-24
-12
-51
-86
-94
-110
-89
-74
-69
-60
-58
-89
-101
-101
-117
-121
-106
-74
-66
-54
-64
-66
-70
-80
-64
-65
-32
-25
-23
-25
-41
-56
-70
-78
-71
-42
-23
-28
-29
-33
-52
-56
-64
-42
-47
-47
-59
-60
-62
-65
-59
-64
-67
-57
-61
-66
-52
-60
-55
-59
-67
-59
-70
-81
-86
-101
-94
-97
-93
-63
-49
-56
-68
-87
-76
-59
-36
-9
-27
-24
-18
-24
-37
-49
-50
-49
-40
-47
-70
-75
-54
-27
-13
12
14
9
11
8
10
-9
2
-1
-5
-22
-19
-21
-25
-29
-50
-58
-70
-79
-66
-55
-24
7
-13
-7
-23
-54
-55
-29
-5
-2
16
16
-8
-32
-50
-34
-19
-20
2
6
-8
-23
-50
-27
-17
-3
10
-10
4
7
1
-19
-14
-14
-19
-14
0
3
8
-4
-17
-32
-52
-24
-2
41
46
29
35
24
32
25
22
0
-5
1
11
34
15
4
0
-21
-16
9
10
16
34
23
2
16
-9
-29
-13
-1
8
-5
-12
-19
-29
-33
-8
5
31
35
49
27
1
2
-7
-4
-14
-9
12
32
54
66
57
37
26
21
33
35
47
45
39
38
21
12
-19
-32
-51
-39
-10
8
9
-6
-7
1
14
15
13
9
-4
-21
-10
-8
-13
-15
-21
-24
1
10
12
17
10
19
5
-10
0
15
35
34
23
24
21
4
-10
-1
-6
-19
-2
7
20
14
-6
-15
-28
-22
-26
-23
-1
7
-12
-11
-16
-15
-35
-38
-45
-48
-24
-38
-14
-24
-32
-35
-32
-51
-52
-27
-4
-2
-1
6
-8
12
12
30
19
-1
17
0
0
-9
-28
-36
-14
-17
-30
-29
-59
-65
-53
-37
-53
-28
-14
-13
3
2
0
-1
4
-4
0
-32
-41
-46
-61
-66
-73
-63
-62
-51
-52
-58
-53
-39
-32
-20
-5
-2
8
-8
-16
-37
-39
-42
-42
-31
-46
-36
-54
-49
-33
-41
-17
-40
-53
-66
-80
-65
-60
-45
-38
-29
-31
-12
-24
-16
-7
-36
-24
-20
-39
-15
0
-6
-44
-62
-65
-56
-58
-58
-53
-59
-46
-48
-59
-52
-43
-6
11
16
28
25
21
29
47
56
53
73
71
51
43
35
40
31
60
79
86
69
65
56
54
32
20
54
57
40
35
20
9
42
58
53
60
47
46
54
70
93
109
96
102
94
63
80
89
92
93
73
71
61
67
66
68
84
87
116
116
109
106
113
76
65
57
62
74
94
97
79
86
75
87
93
80
92
100
90
92
61
75
79
74
107
130
135
151
166
148
158
141
126
128
127
138
134
142
149
143
125
125
124
89
79
80
84
108
152
148
133
132
114
96
94
124
141
145
132
140
110
116
128
125
145
154
155
149
145
129
107
119
137
173
217
212
253
240
231
230
210
200
185
183
187
199
201
225
215
202
183
166
179
182
178
184
210
193
189
197
183
176
192
167
165
177
164
147
133
112
105
111
126
114
110
97
85
91
89
108
116
110
118
96
92
77
79
108
134
160
155
152
119
125
134
153
175
187
189
175
150
120
127
136
140
152
162
141
121
120
101
92
96
92
82
100
127
126
124
116
117
97
89
117
157
176
168
158
144
130
122
112
84
92
124
115
123
129
130
122
108
106
81
73
59
75
108
141
150
125
114
84
63
53
44
50
42
45
39
32
24
20
36
43
49
68
56
48
42
34
27
28
6
11
25
45
53
69
86
60
62
60
50
46
55
56
73
59
43
12
4
-13
-26
14
21
48
80
73
80
71
70
59
78
100
92
102
73
60
63
51
33
14
12
18
28
28
27
32
25
48
49
63
94
74
84
67
37
26
3
1
-12
-8
-4
2
8
-7
-11
-13
23
30
47
91
67
71
74
48
38
58
51
63
57
42
75
83
76
62
68
61
51
56
34
57
71
59
55
54
60
40
59
61
67
64
53
45
37
40
43
37
45
39
36
29
35
62
54
53
53
17
24
40
46
48
34
31
42
50
35
32
41
37
36
34
30
22
44
66
69
69
86
101
94
130
124
120
118
104
105
93
96
114
123
110
89
58
68
61
72
98
110
127
107
97
78
69
65
53
59
72
68
73
81
76
90
87
68
73
107
114
105
101
106
99
89
107
91
77
103
118
133
140
148
150
140
165
153
160
171
174
147
145
139
121
142
128
117
88
93
106
106
92
93
74
74
70
92
99
113
109
106
108
116
98
92
94
84
77
96
99
103
114
121
108
93
103
111
136
126
152
158
173
187
173
174
158
144
135
128
130
126
120
120
124
105
96
109
125
102
92
66
74
70
64
66
67
73
67
61
66
69
69
105
101
128
134
144
167
147
150
152
148
145
166
172
142
130
117
90
92
120
114
121
156
143
140
134
114
122
132
129
132
149
166
180
152
138
134
125
113
94
84
62
66
83
66
54
36
3
-2
15
17
31
40
46
59
49
73
71
70
87
87
78
84
93
108
68
69
73
60
54
60
82
85
82
72
77
67
66
84
103
115
150
159
156
140
138
131
113
119
106
78
77
80
72
79
94
102
79
76
70
90
110
101
109
95
99
92
103
110
111
125
123
96
90
73
81
109
117
126
131
129
105
124
103
117
112
113
119
139
156
151
131
130
130
118
125
95
108
116
122
119
118
96
96
91
87
100
99
112
104
94
105
85
77
87
66
59
55
68
104
103
85
96
92
112
132
145
140
117
117
117
117
114
115
104
96
92
102
104
71
78
86
100
97
73
75
80
95
79
84
86
81
88
99
122
139
154
168
170
168
165
155
124
110
92
73
62
56
78
81
88
87
88
71
54
85
115
133
165
153
154
153
139
138
133
144
132
137
131
125
116
102
114
123
91
104
73
43
31
40
54
57
73
83
82
103
90
86
83
98
125
116
110
103
100
79
85
73
89
108
108
118
118
123
131
124
133
122
96
92
88
72
93
124
112
104
102
107
108
112
100
72
73
68
97
106
113
113
102
96
102
97
111
98
73
71
38
53
57
56
50
34
25
16
22
21
46
71
69
68
87
70
65
55
57
65
54
74
54
52
36
52
61
65
76
86
95
123
102
72
78
82
69
60
88
67
82
64
76
90
87
88
65
61
67
70
88
65
45
34
25
29
34
45
46
66
80
89
97
72
72
60
45
46
39
23
3
-1
-14
1
14
28
17
11
-8
-7
10
2
13
27
33
30
47
23
12
24
24
9
8
-24
-38
-13
-12
9
25
7
-2
-7
-25
-12
7
25
22
43
58
67
59
32
22
1
6
-4
-15
-16
-14
-20
-23
-23
-1
16
28
37
19
28
25
36
52
68
52
45
43
43
44
43
51
51
37
10
21
25
14
13
9
0
-23
-25
-27
-28
-25
-12
-12
-2
6
-13
-30
-36
-34
-6
12
16
5
-7
-9
-13
6
-7
-7
-11
-11
5
16
20
37
60
65
47
43
37
11
3
-8
-3
-2
22
41
47
54
50
64
69
61
67
65
79
76
84
72
56
60
63
76
77
68
47
17
1
-4
-11
17
41
28
42
59
52
53
76
73
70
49
41
25
33
49
52
42
13
-13
-16
-13
-11
0
15
51
55
69
42
55
49
59
83
96
132
141
155
125
124
131
121
136
141
148
165
130
106
69
47
51
45
41
61
64
67
81
116
111
114
112
124
137
106
135
119
107
102
85
81
80
82
87
77
92
97
103
100
105
112
90
91
78
98
100
115
101
86
89
64
65
33
39
49
41
20
20
20
22
23
17
41
49
88
89
83
89
69
51
49
49
58
37
36
48
42
41
38
49
57
54
50
32
35
46
43
39
30
45
56
39
16
40
47
30
33
18
26
34
24
58
72
64
71
73
95
101
84
118
116
99
81
50
54
69
88
102
107
79
51
52
49
50
30
10
16
13
21
21
2
11
7
26
39
49
36
26
6
6
-13
-42
-19
-20
-2
0
5
16
15
27
34
38
48
42
54
78
87
89
64
76
62
48
48
19
13
39
51
44
62
82
72
75
61
65
66
40
45
48
59
66
52
47
35
29
38
33
21
18
0
-12
-3
-15
5
1
9
1
6
14
19
38
23
45
35
44
71
78
62
63
48
42
52
52
37
35
29
36
31
42
59
40
34
28
5
34
68
102
97
93
94
79
74
63
70
48
52
45
55
67
61
71
57
53
50
55
71
60
70
78
78
79
67
77
63
79
71
63
70
60
48
57
61
73
86
87
106
95
113
127
122
113
105
119
125
122
134
138
122
113
110
114
112
136
110
91
77
84
97
111
102
108
113
113
120
91
93
58
61
63
61
60
54
42
27
39
29
21
29
42
33
28
53
74
78
81
74
69
62
54
53
67
73
83
81
86
86
72
78
66
58
95
90
95
93
70
59
48
35
27
26
39
44
34
61
61
56
82
71
42
37
43
29
25
16
-5
3
-4
5
4
11
35
30
54
49
62
73
50
64
64
59
53
64
46
39
28
22
18
24
51
59
70
76
67
69
84
62
75
63
66
81
95
72
53
56
42
26
22
20
14
8
10
7
8
-16
13
1
-40
-36
-44
-42
-68
-41
-37
-48
-40
-57
-50
-64
-50
-41
-42
-32
-41
-23
-15
-29
-44
-33
-17
0
25
7
-15
-12
-27
-25
-15
-28
-22
-8
-16
-6
9
-5
-1
-17
-30
-20
-16
-16
-11
-7
21
10
-14
-20
-29
-28
-37
-27
-24
-26
-44
-55
-65
-76
-68
-75
-49
-53
-60
-47
-35
-36
-60
-75
-87
-78
-64
-43
-43
-48
-42
-52
-58
-59
-48
-58
-51
-54
-62
-73
-60
-47
-36
-51
-72
-58
-72
-56
-61
-68
-63
-85
-71
-75
-73
-59
-74
-91
-94
-86
-93
-107
-110
-108
-96
-105
-105
-121
-138
-139
-136
-119
-111
-105
-101
-90
-102
-102
-115
-126
-102
-99
-94
-85
-75
-92
-115
-117
-107
-94
-89
-88
-75
-71
-73
-86
-81
-66
-61
-61
-70
-56
-50
-33
-23
-22
-18
-35
-48
-46
-26
-25
-42
-47
-55
-64
-49
-55
-46
-47
-49
-53
-77
-78
-56
-46
-50
-81
-72
-59
-86
-64
-64
-50
-52
-59
-52
-51
-30
-43
-57
-59
-54
-75
-65
-40
-47
-49
-50
-56
-53
-49
-30
-25
-10
7
3
-20
-38
-27
-32
-24
-26
-35
-30
-34
-22
-20
-24
-21
-36
-28
-37
-48
-55
-62
-71
-68
-70
-88
-68
-80
-82
-90
-91
-88
-87
-80
-97
-108
-101
-75
-52
-37
-19
-8
-9
-3
-14
-17
-14
-19
-17
-27
-27
-38
-40
-32
-25
-6
-7
-8
5
13
47
67
59
60
41
8
2
5
13
27
24
15
-14
-11
6
13
15
24
25
27
34
30
12
14
20
38
50
52
56
43
38
31
29
27
27
41
23
24
33
23
38
55
58
50
68
93
89
61
51
22
11
23
32
66
53
62
58
46
35
7
-8
-24
-9
7
17
19
32
30
52
51
64
72
47
36
25
41
42
15
8
-10
-19
12
29
46
39
60
49
17
10
18
33
34
62
62
59
55
24
23
27
44
43
45
70
71
72
68
83
91
72
60
50
59
69
69
56
43
27
12
20
29
29
39
10
-4
-10
-6
22
41
49
37
33
24
22
4
-9
19
39
35
40
54
55
42
41
44
49
46
70
60
81
93
69
77
42
36
27
28
20
-1
-13
-15
-11
-3
36
51
45
26
2
-10
13
34
47
39
16
24
32
49
60
59
52
52
63
47
74
99
97
89
88
94
81
85
63
62
58
58
71
79
61
40
34
37
29
45
38
42
33
40
62
69
58
60
62
67
68
55
61
49
37
67
72
53
41
26
18
-3
10
12
29
36
46
51
63
47
56
53
30
52
43
63
77
72
76
53
33
36
34
39
32
18
-3
-8
14
6
24
18
33
41
28
47
45
48
21
-1
-12
-10
-4
22
20
19
24
15
20
9
19
39
50
57
64
52
50
49
36
7
-12
-42
-56
-44
-44
-39
-30
-28
-31
-13
-11
-9
-23
-30
-30
-9
-10
3
9
9
21
-2
-10
-16
-17
-5
21
39
48
45
53
51
52
61
57
43
37
34
36
30
32
44
45
44
39
31
21
5
13
16
1
0
7
23
37
22
36
39
58
49
44
52
39
47
51
44
42
36
43
10
-3
1
-11
-17
-14
-15
-33
-20
-31
-32
-43
-58
-70
-74
-50
-35
-29
-50
-54
-49
-15
-4
-19
-10
-11
-7
1
-17
-23
-20
-34
-48
-30
-31
-24
-2
-31
-6
0
25
33
22
28
3
-5
-23
-1
-23
-23
-25
-57
-82
-92
-106
-105
-98
-129
-137
-160
-160
-122
-100
-96
-74
-71
-111
-111
-117
-127
-112
-117
-108
-116
-89
-88
-75
-71
-80
-57
-66
-50
-75
-78
-53
-85
-76
-78
-77
-70
-70
-83
-86
-54
-39
-9
-18
-32
-47
-68
-72
-89
-71
-49
-64
-69
-65
-75
-74
-85
-71
-62
-65
-81
-101
-114
-132
-147
-166
-148
-114
-100
-98
-107
-126
-138
-123
-128
-141
-148
-156
-145
-136
-102
-81
-51
-23
-31
-33
-68
-88
-62
-50
-40
-44
-48
-59
-64
-58
-53
-49
-35
-32
-39
-48
-67
-78
-49
-22
-14
-24
-39
-64
-82
-101
-99
-103
-89
-75
-88
-83
-101
-90
-94
-90
-82
-66
-72
-93
-78
-67
-79
-56
-56
-49
-44
-50
-52
-43
-60
-77
-76
-94
-96
-89
-94
-115
-107
-111
-116
-126
-125
-119
-104
-89
-77
-78
-85
-70
-68
-50
-61
-64
-61
-82
-63
-68
-51
-47
-53
-58
-69
-85
-89
-80
-71
-52
-50
-54
-41
-46
-42
-25
-31
-29
-16
-20
-31
-27
-41
-41
-48
-38
-39
-28
-25
-12
-6
2
9
17
-7
-19
-30
-40
-38
-32
-34
-37
-37
-63
-73
-72
-66
-54
-73
-86
-88
-95
-88
-82
-88
-87
-82
-92
-94
-89
-76
-73
-75
-80
-61
-55
-44
-32
-24
-20
-32
-33
-52
-58
-75
-64
-30
-26
-38
-20
-35
-44
-53
-80
-64
-63
-40
-27
-41
-39
-51
-37
-36
-37
-18
-18
-1
-8
-12
-17
-25
-29
-25
-18
-25
-21
-7
-9
-24
-31
-52
-53
-68
-58
-51
-57
-49
-66
-79
-80
-74
-69
-44
-48
-75
-69
-86
-102
-107
-92
-83
-71
-71
-64
-48
-71
-63
-92
-87
-78
-89
-74
-53
-29
-15
-18
-35
-36
-37
-38
-46
-34
-20
-28
-36
-31
-23
-15
-6
0
1
-13
-17
-21
-33
-14
-21
-35
-24
-30
-42
-52
-37
-43
-43
-48
-76
-57
-40
-29
-23
-28
-39
-81
-64
-69
-52
-55
-45
-33
-31
-51
-64
-63
-62
-50
-50
-41
-52
-36
-36
-19
-18
-21
-14
-28
-8
-22
-20
8
26
26
12
17
23
19
5
0
2
-4
-5
-1
3
-6
-33
-30
-47
-44
-38
-38
-17
-17
-9
-18
-7
25
31
37
42
52
79
71
83
96
56
66
70
58
89
86
64
57
55
34
44
42
47
55
66
72
53
60
46
36
22
42
40
54
39
67
79
73
70
57
52
13
16
2
23
23
20
6
-8
-6
26
56
74
73
73
63
57
58
35
79
76
88
90
75
65
46
10
-5
35
34
43
57
62
61
48
41
23
37
58
51
48
37
27
41
36
34
39
34
35
55
63
56
48
42
47
33
6
14
22
29
25
14
12
20
29
26
27
10
28
28
35
40
40
63
60
74
73
125
131
97
88
97
80
58
81
73
65
59
35
37
28
29
38
14
18
-1
7
22
24
16
21
36
47
33
57
68
52
36
0
6
3
20
27
37
48
41
12
-8
-2
-19
-26
-11
-11
-16
-2
24
34
37
29
8
-15
-10
-17
-2
19
6
13
-3
0
-36
-44
-31
-37
-21
-29
-7
0
3
13
-1
2
-5
-9
2
-9
-5
4
17
18
21
18
28
31
44
52
28
20
-4
2
4
18
29
11
-16
-27
-22
-17
6
1
-21
-38
-23
-34
-27
-28
-55
-48
-57
-50
-52
-59
-42
-32
-33
-33
-11
5
36
31
17
27
29
22
15
10
19
29
18
22
32
26
30
2
-15
-27
-39
-11
-7
14
7
3
7
-17
-32
-29
-37
-32
-33
-47
-32
-9
-35
-7
15
-2
-16
-29
-19
-29
-30
-20
-19
-28
-38
-55
-67
-70
-78
-58
-63
-76
-67
-75
-84
-83
-70
-49
-42
-27
-29
-32
-47
-64
-44
-38
-18
-3
-5
-13
-27
-39
-50
-40
-41
-48
-23
-24
-7
1
-2
13
4
13
17
24
37
60
82
85
59
45
45
43
37
34
39
50
49
16
9
6
5
12
30
33
39
-11
-30
-32
-36
-31
-33
-21
-35
-40
-62
-59
-50
-44
-39
-32
-39
-56
-40
-25
-40
-60
-60
-45
-38
-30
-9
-19
8
11
10
12
2
-2
-17
-27
-9
-14
-21
-27
-45
-56
-50
-73
-75
-49
-91
-83
-89
-64
-40
-45
-18
-25
-33
-62
-79
-94
-78
-79
-89
-86
-67
-74
-52
-45
-56
-48
-41
-45
-55
-49
-61
-54
-43
-37
-45
-42
-62
-70
-63
-64
-54
-64
-73
-83
-64
-18
13
29
12
4
-2
2
0
8
48
35
19
9
-27
-44
-23
-15
-35
-34
-37
-29
-29
-36
-48
-43
-16
-17
-27
-37
-39
-46
-3
21
5
6
-15
-30
-20
4
17
20
10
-15
-26
-37
-19
-16
13
-5
-29
-20
-30
-17
13
11
33
27
26
61
35
34
20
9
-16
-22
-30
-17
9
11
24
20
0
-5
13
-7
-15
2
8
0
1
2
-6
1
7
32
37
29
36
38
45
47
59
62
46
25
20
27
21
10
-1
24
37
49
66
69
78
64
27
21
42
36
28
11
8
26
37
34
49
42
25
18
19
41
57
53
55
41
27
24
20
24
17
14
-9
-27
-17
-32
-15
-5
20
29
9
-2
-13
-34
-48
-55
-39
-25
-17
-3
-17
-13
-13
1
-9
-14
-20
-15
-1
5
12
5
26
7
-19
-15
19
45
51
69
45
43
32
24
42
55
41
43
35
7
-3
-7
4
-10
6
9
19
21
4
0
9
1
16
40
67
66
36
41
66
58
39
39
13
24
22
13
21
15
6
0
-6
-17
16
50
62
62
73
40
47
50
54
75
81
91
80
97
95
103
88
71
63
62
58
67
70
77
57
46
62
48
57
44
24
53
27
10
8
-13
0
2
1
-25
-45
-67
-61
-51
-46
-26
-19
-6
-11
-32
-16
-6
-17
-13
-15
3
-6
5
6
-16
-33
-52
-58
-66
-62
-54
-33
1
17
28
14
12
23
31
14
22
29
7
-1
3
12
-6
22
9
5
29
52
68
73
75
74
59
46
59
53
46
39
39
42
52
53
43
62
76
67
70
93
91
84
71
78
86
90
86
85
73
91
83
61
70
59
72
55
52
44
51
52
49
46
20
31
25
16
27
33
47
34
44
36
42
56
69
80
79
79
75
65
63
67
47
39
29
38
55
52
25
30
38
15
15
17
9
13
32
31
49
67
68
82
75
76
71
80
91
88
76
56
45
30
21
26
18
48
52
60
53
22
8
1
-5
4
13
13
-3
-24
-13
-12
2
1
14
24
20
33
19
11
16
8
18
14
9
8
34
37
21
42
35
44
38
54
71
52
43
22
18
32
45
48
51
25
18
26
19
15
18
19
33
34
22
27
13
-8
5
16
27
26
17
11
33
49
47
43
39
13
-3
15
27
23
29
43
36
39
17
-9
-21
-11
7
1
-5
-4
-25
-46
-36
-44
-17
9
38
40
54
74
69
62
70
54
42
43
38
23
20
22
29
22
-7
-12
-36
-26
-19
14
38
32
54
34
18
-5
10
23
28
42
22
20
27
32
38
45
20
6
24
15
8
-4
-17
-12
-28
-17
-7
-5
18
23
15
48
51
42
70
62
54
50
18
5
-3
-15
-6
-10
0
0
-16
1
-20
-1
1
-21
-3
3
3
11
33
27
36
8
12
-3
-10
12
5
-6
-32
-22
-26
-25
-27
-24
-14
-13
-10
-3
8
19
27
26
7
-4
8
29
31
4
-27
-35
-41
-26
-30
-24
-13
-18
-3
-7
2
-8
17
23
28
21
29
21
-9
-22
-18
-14
-23
-5
7
14
6
-1
11
21
31
38
60
49
27
18
7
31
38
35
54
61
58
52
40
39
25
26
27
-5
0
-1
19
24
24
23
11
7
18
22
37
45
30
-5
-43
-45
-60
-49
-15
8
-2
4
17
19
18
16
22
25
33
26
50
61
58
49
39
36
24
24
20
18
3
-24
-31
-41
-25
-6
-4
7
-4
-26
-40
-24
-24
-6
1
4
3
-7
-3
8
-16
-46
-29
-5
-1
-4
-16
-27
-35
-23
-8
-9
12
-4
-24
-29
-29
-16
-3
7
4
6
5
1
1
8
-11
-25
-11
1
12
32
21
12
7
14
16
5
-2
-7
-22
-18
-11
-19
-5
-4
1
11
10
1
7
0
-2
1
14
0
7
-9
-12
-9
-30
3
-21
-11
3
11
11
28
41
29
3
-9
-16
-25
10
2
22
1
10
45
45
63
67
74
63
63
64
74
85
82
69
75
63
65
59
39
40
20
20
6
-8
-12
-18
1
23
32
31
39
49
39
42
55
59
52
47
-1
-2
-15
-22
-28
-36
-42
-37
-38
-50
-34
-24
6
8
13
15
0
1
19
31
47
30
27
26
22
35
40
47
33
27
23
-5
-3
0
2
1
-13
-11
-2
23
24
29
47
54
62
50
19
13
-3
-24
-9
-3
-14
-3
7
9
3
-19
-21
-13
-16
-2
12
34
43
29
39
18
-1
-31
-16
-9
-16
-1
-10
7
3
-2
6
-5
-9
-16
-37
-29
-8
-13
2
7
25
16
3
8
4
0
-15
-30
-12
-1
-18
-27
-17
-7
-21
-6
-23
-13
-23
-32
-9
-1
-10
-23
-15
-25
-28
-23
-31
-32
-25
-20
-2
16
28
26
-5
-4
-25
-41
-25
-27
-10
-6
-4
-21
-30
-61
-69
-67
-54
-49
-51
-45
-49
-55
-58
-40
-42
-52
-59
-63
-75
-61
-57
-56
-53
-50
-51
-40
-40
-37
-25
-34
-52
-57
-65
-75
-61
-69
-65
-46
-31
-31
-22
-26
-30
-44
-37
-33
-14
-3
7
33
10
-1
-17
-22
-50
-54
-39
-51
-40
-22
-11
-12
-1
-22
-38
-29
-18
-5
-8
-2
-12
14
27
24
17
-5
-11
-30
-20
-18
-14
-1
9
1
0
-23
-16
-12
-14
10
15
9
1
2
1
17
17
46
46
40
25
25
35
46
50
58
73
48
27
17
20
16
19
6
7
4
11
26
31
32
47
25
14
7
-21
-1
6
10
15
21
31
31
34
27
43
37
41
43
44
55
58
41
41
36
28
19
11
40
42
52
70
56
55
35
28
49
45
58
50
48
50
59
66
73
56
22
-5
2
6
-18
-10
-16
-24
-24
-19
-4
-8
3
17
39
51
47
39
40
64
72
75
53
59
42
48
45
38
34
31
26
22
30
39
33
23
19
15
38
46
50
53
35
49
50
46
26
26
30
14
14
-21
-43
-37
-48
-50
-32
-33
-31
-42
-41
-47
-62
-57
-50
-38
-9
6
12
1
18
14
3
12
17
19
27
25
30
31
-3
-12
-19
-28
-19
21
19
13
21
19
17
25
17
10
16
9
8
-4
4
-5
-16
-22
-29
-25
-28
-12
-7
-3
3
-20
-33
-16
1
7
1
-1
6
-2
-23
-11
-19
-17
-14
-30
-27
-34
-24
-17
-40
-32
-46
-40
-56
-38
-23
-21
-8
-21
-8
-9
-20
-20
-6
4
3
-7
-29
-33
-28
-28
-9
-42
-11
-1
-20
-1
-16
-18
-16
-37
-50
-66
-71
-51
-38
-55
-47
-45
-47
-45
-42
-45
-62
-60
-51
-31
-35
-47
-33
-15
-14
2
-16
-15
-34
-53
-41
-44
-34
-34
-43
-30
-28
-32
-25
-35
-10
1
13
35
42
29
17
25
21
42
35
24
8
13
6
-3
9
10
16
22
39
47
37
22
3
2
-10
-40
-46
-42
-56
-35
-8
2
2
-10
-32
-48
-33
-31
-19
-6
-7
-20
-36
-32
-12
-17
-37
-19
0
9
15
15
12
13
9
25
15
15
15
-4
7
-10
-15
-6
-4
-26
-64
-51
-61
-55
-46
-53
-38
-53
-72
-60
-30
-15
-5
-9
-54
-62
-67
-70
-55
-45
-32
-28
-36
-35
-51
-60
-66
-57
-57
-59
-45
-23
-34
-30
-54
-88
-80
-69
-85
-91
-90
-84
-63
-60
-40
-40
-39
-46
-38
-25
-6
-26
-8
-12
-30
-23
-31
-38
-61
-52
-52
-38
-50
-52
-65
-80
-69
-84
-44
-57
-80
-93
-96
-89
-73
-41
-34
-45
-57
-72
-89
-98
-90
-66
-55
-57
-58
-56
-74
-80
-90
-103
-77
-52
-53
-46
-45
-58
-64
-87
-79
-62
-80
-78
-72
-59
-60
-53
-27
-42
-43
-35
-55
-54
-33
-43
-76
-87
-96
-111
-104
-102
-97
-80
-64
-64
-65
-51
-42
-45
-71
-68
-64
-57
-54
-60
-68
-88
-93
-86
-56
-52
-39
1
-3
-18
-53
-75
-73
-65
-62
-66
-35
-36
-57
-65
-67
-60
-61
-59
-69
-50
-84
-101
-106
-114
-98
-69
-72
-69
-58
-51
-55
-58
-80
-103
-106
-116
-113
-101
-102
-106
-89
-92
-119
-130
-137
-140
-88
-71
-79
-80
-69
-60
-66
-73
-81
-80
-93
-101
-96
-70
-79
-76
-52
-58
-71
-67
-86
-79
-32
-45
-30
-44
-59
-63
-71
-52
-46
-37
-68
-85
-95
-76
-59
-55
-55
-76
-64
-51
-39
-48
-47
-38
-46
-46
-32
-20
-21
-28
-40
-51
-34
-48
-36
-40
-65
-57
-63
-43
-28
-54
-76
-91
-73
-52
-34
-11
-3
1
-1
29
40
32
55
26
14
1
10
6
3
23
15
4
-11
-10
-5
-2
14
13
0
-6
-6
-25
-16
3
3
9
22
28
0
-8
-3
-17
-17
-23
-10
-28
-26
-32
-46
-39
-36
-28
-43
-23
-9
7
34
35
12
7
10
5
10
16
28
10
20
1
-5
-11
-4
1
-11
8
-14
3
-4
24
18
-1
25
39
39
19
26
16
9
-4
0
-12
2
21
3
11
25
41
40
32
6
-30
-29
-5
22
25
45
48
31
17
10
-2
4
16
20
23
10
-7
2
23
28
13
15
5
2
4
20
27
47
55
30
31
26
52
44
47
28
21
34
32
54
60
81
77
71
73
42
20
21
29
25
41
24
20
54
43
30
42
47
46
46
14
2
0
0
20
10
-3
-23
-4
8
-1
20
10
5
38
44
31
29
49
45
38
37
27
39
50
36
43
56
23
29
17
-10
-14
-9
-22
-7
-5
5
56
70
82
69
67
61
30
38
27
27
27
31
28
11
-2
-2
19
35
47
56
30
12
28
17
8
8
17
20
43
30
22
30
24
31
3
1
22
39
35
7
4
6
19
38
10
22
30
39
26
22
15
10
8
-1
-34
-42
-24
-24
0
5
10
4
-3
10
8
40
42
49
25
3
5
0
12
41
44
42
42
41
55
51
75
72
38
54
39
51
34
33
24
20
29
13
26
16
32
37
36
24
9
-11
-4
24
31
37
44
20
25
54
83
92
85
80
54
72
69
80
71
60
62
30
26
33
48
50
34
46
48
65
89
94
86
77
78
82
77
86
93
71
83
77
71
88
103
107
75
56
60
52
37
42
45
31
34
59
78
78
92
98
66
79
90
92
109
106
93
78
60
47
42
45
69
74
75
49
44
69
54
74
80
74
66
60
47
38
11
43
61
67
92
91
89
79
98
79
34
34
39
49
67
90
107
94
92
77
67
40
64
91
77
68
55
62
50
32
60
75
62
66
52
62
52
43
46
62
51
55
46
43
66
44
60
50
65
61
67
50
49
42
23
35
34
38
24
15
26
8
7
32
34
24
15
11
-3
-29
-28
-25
-37
-14
-12
4
-9
-18
-1
-16
-11
22
21
29
40
12
-15
-24
-4
-8
-12
-17
-6
1
-21
-9
-25
-22
-27
-24
-20
-22
-54
-70
-56
-73
-77
-80
-94
-89
-74
-86
-73
-65
-60
-58
-35
-35
-11
-19
-18
-26
-40
-62
-75
-81
-81
-90
-90
-77
-93
-84
-103
-111
-115
-100
-85
-52
-24
-15
-7
-13
-26
-45
-74
-86
-63
-71
-96
-114
-122
-123
-110
-91
-72
-73
-87
-81
-83
-77
-66
-62
-74
-79
-81
-82
-48
-34
-41
-43
-54
-73
-72
-80
-90
-55
-43
-57
-64
-79
-96
-100
-110
-73
-63
-54
-33
-30
-24
-62
-75
-65
-56
-50
-49
-22
-13
-19
-24
-52
-72
-84
-82
-59
-46
-31
-23
-27
-53
-69
-82
-69
-57
-54
-52
-37
-31
-44
-48
-68
-54
-14
-8
-5
11
3
29
13
-4
-15
-17
-1
-1
1
-4
-23
-20
-31
-15
-1
-20
-15
-11
3
0
8
23
3
-5
3
-29
-16
10
31
34
19
14
-7
-2
0
7
7
1
-1
18
23
3
13
15
27
20
40
63
40
44
60
43
45
40
32
37
52
66
63
72
63
47
37
35
50
44
19
32
12
13
20
30
55
58
70
82
77
89
83
67
55
46
39
38
39
51
46
28
17
-9
1
-5
-3
23
30
50
34
47
62
53
54
47
44
52
26
17
27
40
50
30
18
3
7
28
37
36
34
24
25
27
33
74
68
73
87
52
25
5
4
-5
12
38
43
34
24
27
-3
-4
-3
17
20
8
-7
-8
5
-6
-26
-33
-27
-37
-20
1
18
9
12
-9
-9
2
12
28
25
48
48
32
-14
-24
-7
-14
-30
-21
-44
-51
-41
-55
-48
-55
-31
-18
-15
0
4
-22
-43
-59
-68
-41
-60
-42
-13
-37
-32
-43
-42
-45
-30
-17
-21
3
-7
-30
-24
-49
-72
-89
-94
-87
-106
-52
-39
-36
-14
-38
-36
-39
-23
-8
0
9
-15
-31
-34
-65
-65
-70
-75
-46
-41
-66
-77
-85
-78
-68
-75
-54
-31
-10
-21
-24
-29
-45
-64
-69
-39
-38
-38
-42
-45
-59
-78
-91
-78
-70
-58
-59
-61
-35
-38
-25
-10
-24
-28
-28
-26
-15
-4
-22
-39
-46
-66
-63
-52
-31
-18
-21
-35
-34
-34
-46
-47
-35
-28
-23
-18
-14
-25
-13
-27
-56
-39
-21
-25
-35
-31
-42
-46
-64
-72
-70
-65
-57
-57
-56
-50
-53
-56
-50
-63
-64
-60
-63
-67
-77
-76
-63
-66
-63
-21
-16
-10
-16
-27
-24
-43
-47
-39
-42
-33
-16
-26
-12
1
-21
-3
-7
3
15
18
35
25
2
-24
-24
-27
-37
-36
-42
-49
-49
-47
-44
-31
-31
-28
-34
-35
-23
-21
12
10
15
2
-13
15
-14
-7
6
0
-19
-7
-13
-26
-24
-8
29
30
46
47
42
44
40
46
50
44
37
40
34
18
21
20
-11
-14
9
7
18
22
31
41
40
23
27
36
31
31
11
-4
-10
-24
-14
-13
-22
-41
-48
-30
0
22
18
10
-2
-3
5
12
31
49
42
38
21
27
29
20
21
4
-2
8
28
40
45
49
46
26
12
-5
5
10
21
29
31
31
30
56
37
28
1
-10
-5
-19
-8
-5
0
8
-3
-6
-3
-3
-8
-18
-18
-3
-2
-17
-8
-24
-6
-9
6
15
6
11
18
15
-6
-25
-49
-34
-32
-35
-20
-18
-31
-28
-65
-58
-34
-22
-3
-3
-6
-31
-23
4
21
31
29
14
12
-2
-3
-8
-23
-10
3
11
8
-5
-24
-13
-7
-14
-20
-55
-62
-79
-79
-57
-63
-49
-68
-69
-34
-19
-10
-4
-20
-27
-27
-30
4
-4
3
0
-8
-21
-38
-46
-40
-30
-33
-2
-3
-1
-8
-35
-63
-62
-67
-48
-17
3
26
19
1
-20
-19
-13
-6
10
-6
-1
-17
-15
-9
-50
-55
-60
-38
-47
-24
-22
-33
-38
-20
-16
-16
2
3
20
-15
-24
-21
-19
-32
-24
-12
-24
-34
-24
-7
-3
-23
-46
-50
-43
-19
-17
-18
-11
-11
4
-9
-14
-22
-21
-19
-20
-14
-31
-34
-37
-15
-22
-33
-48
-62
-64
-59
-61
-51
-48
-69
-92
-96
-100
-81
-40
-12
22
31
37
24
-29
-49
-48
-33
-33
-25
-12
-44
-44
-65
-70
-38
-33
-17
-26
-24
-43
-27
-37
-22
-23
-36
-9
9
9
10
5
-10
-2
7
5
7
7
1
2
-8
19
25
5
1
-15
-21
-36
-7
11
35
34
20
2
-18
-26
-23
7
5
29
43
68
92
80
76
81
69
73
70
61
80
59
37
45
45
66
68
43
48
49
55
36
50
58
63
87
78
87
80
80
64
50
42
44
38
23
22
19
-1
-3
-7
-3
-2
6
17
20
26
41
53
39
20
16
10
-2
-3
-15
-8
-14
-8
-11
5
19
19
-7
-23
-15
-17
8
14
28
54
27
18
-2
-1
12
24
34
30
17
16
5
-14
0
12
5
-7
-16
-26
-4
-16
-15
-20
-35
-37
-35
-36
-36
-25
-16
-22
-24
-27
-37
-37
-33
-42
-10
-21
-9
3
-32
-33
-64
-65
-72
-45
-42
-32
-16
-33
-32
-11
6
11
-1
-9
-8
-13
-25
-13
-40
-41
-24
-32
-5
-6
1
25
13
-1
-1
-1
-15
-24
-27
-19
-27
-27
-8
-22
-53
-35
-22
-6
3
-17
-33
-30
18
21
16
19
7
43
46
34
28
25
11
18
18
8
5
-19
5
-8
-13
-32
-43
-48
-24
9
22
27
0
-9
-29
-8
-35
-35
-3
7
14
22
18
-5
-22
-44
-49
-41
-50
-54
-22
-34
-21
-9
-9
-5
-19
-8
-19
-41
-15
-23
-41
-34
-46
-57
-64
-61
-71
-67
-55
-69
-69
-44
-48
-51
-45
-37
-24
-36
-38
-39
-15
5
-5
-4
-16
-38
-49
-48
-33
-19
-29
-51
-64
-77
-80
-68
-42
-48
-53
-63
-65
-46
-39
-25
-47
-41
-45
-53
-34
-31
2
1
-2
-17
-41
-29
-36
-26
6
-3
-11
-42
-65
-63
-60
-59
-54
-38
-40
-31
-27
-28
-14
-15
-12
-21
-22
-34
-35
-18
-18
-3
6
-6
2
-2
-28
-32
-27
-47
-26
-18
-14
-10
-6
-4
-19
-17
-18
-3
7
-8
11
16
-2
-14
-12
2
19
21
25
15
-11
-4
-11
-10
-4
6
10
8
-11
20
16
7
18
10
7
-12
-14
-37
-14
15
31
46
16
-26
-25
-22
-17
2
5
-21
-21
-17
-34
-37
-31
-45
-44
-41
-37
-46
-46
-25
-42
-53
-48
-26
-23
-32
-27
-19
-21
-37
-40
-31
-32
-25
-15
-20
-53
-59
-79
-86
-59
-57
-27
-35
-22
-19
-22
-19
-16
-8
-15
-11
-18
-20
-13
-2
-20
-41
-56
-52
-60
-70
-61
-43
-40
-19
-35
-29
-22
-12
16
-2
1
-32
-47
-32
-31
-35
-9
-28
-30
-32
-22
1
9
32
37
45
12
2
15
10
12
16
22
16
23
21
13
5
17
19
14
22
34
26
20
13
-11
3
30
37
56
62
49
30
8
12
18
44
22
26
22
-22
-19
-4
6
42
31
46
34
42
64
55
50
43
38
50
71
65
81
79
93
69
69
51
41
59
36
58
60
44
17
5
18
27
23
28
25
0
-3
9
23
38
58
48
32
8
-4
7
15
13
12
5
-4
-26
-17
8
18
53
35
22
19
13
11
3
11
16
12
-28
-38
-31
-25
3
14
8
-8
-19
1
-3
7
14
-3
7
-4
-1
1
25
25
10
-7
-43
-51
-31
-4
1
-13
-36
-58
-62
-83
-89
-85
-62
-45
-30
-21
-7
-9
2
6
-14
-15
-3
6
-13
-45
-37
-35
-30
-13
-15
-23
-39
-42
-44
-40
-31
-42
-43
-49
-35
-39
-49
-15
-33
-18
-29
-25
-15
-4
-4
-36
-32
-48
-44
-28
-24
-39
-37
-54
-61
-49
-52
-40
-28
-28
1
-19
-13
11
-9
-30
-49
-49
-59
-71
-66
-54
-50
-45
-52
-37
-63
-84
-82
-78
-81
-61
-38
-32
-21
-33
-41
-52
-68
-79
-56
-61
-70
-37
-45
-61
-60
-58
-88
-95
-108
-104
-97
-79
-70
-68
-54
-48
-45
-47
-36
-24
-35
-33
-40
-59
-64
-79
-57
-72
-52
-49
-61
-43
-55
-26
-38
-45
-29
-30
-29
-19
-22
-7
3
-21
-32
-36
-68
-92
-86
-70
-36
-34
-45
-52
-71
-69
-44
-22
-10
3
4
0
-3
-27
-27
-42
-12
6
-5
-16
-39
-49
-38
-8
-19
-13
-20
-20
-31
-28
-8
29
37
36
25
-6
15
7
13
15
23
32
22
23
4
-9
-2
14
13
20
11
13
24
1
4
-8
-12
1
29
48
46
36
29
12
-4
17
23
34
26
29
38
14
11
12
15
39
39
54
66
48
61
45
31
27
26
23
9
5
1
-6
5
20
3
19
34
44
75
74
70
63
61
65
52
49
69
63
57
67
49
42
37
30
57
47
55
67
48
34
27
26
26
25
8
14
21
39
48
35
30
21
1
-3
9
21
17
16
10
2
-29
-18
-7
-1
20
25
38
34
22
15
16
4
10
10
-4
-5
-9
-18
-2
-18
-13
0
-18
-27
-27
-27
-12
-5
-15
-14
-8
10
11
40
4
-16
-40
-46
-29
-19
-10
-6
-8
-10
-7
-14
-27
-31
-15
-29
-31
-26
-38
-52
-36
-23
-22
-30
-34
-32
-30
-28
-42
-46
-57
-48
-16
-3
9
-11
-33
-49
-53
-50
-44
-53
-47
-27
-15
-21
-21
-31
-47
-26
-17
-29
-29
-27
-26
-20
-20
-34
-61
-73
-54
-56
-34
-17
-3
5
-10
0
12
14
11
-3
-12
-8
-24
-25
-50
-49
-49
-57
-65
-75
-63
-56
-61
-87
-99
-89
-61
-56
-26
-11
-11
-21
-39
-42
-78
-56
-56
-56
-46
-37
-61
-64
-74
-85
-82
-101
-87
-78
-67
-62
-44
-24
-26
-31
-37
-54
-65
-65
-60
-55
-64
-68
-72
-99
-91
-89
-90
-85
-84
-88
-76
-77
-91
-80
-86
-78
-70
-66
-63
-91
-99
-110
-128
-136
-124
-103
-104
-89
-87
-107
-100
-90
-93
-106
-90
-63
-41
-42
-54
-54
-69
-59
-70
-55
-62
-70
-78
-78
-66
-58
-56
-75
-38
-40
-42
-57
-61
-61
-64
-63
-56
-57
-50
-47
-68
-68
-76
-85
-86
-81
-56
-51
-30
-25
-13
-19
-31
-33
-76
-75
-72
-53
-50
-65
-76
-83
-81
-81
-51
-45
-44
-42
-66
-68
-45
-72
-64
-56
-38
-43
-49
-44
-69
-59
-74
-90
-85
-71
-55
-59
-62
-64
-84
-93
-76
-90
-94
-91
-70
-70
-68
-84
-85
-71
-73
-52
-45
-8
-3
14
33
26
6
-13
-29
-58
-25
-42
-24
-33
-28
-24
-54
-52
-52
-61
-87
-88
-102
-101
-85
-90
-70
-77
-82
-78
-79
-78
-76
-71
-81
-71
-73
-79
-82
-97
-104
-112
-106
-86
-81
-75
-96
-95
-88
-87
-57
-57
-53
-63
-98
-120
-117
-91
-72
-75
-62
-62
-57
-62
-46
-55
-47
-54
-76
-58
-51
-49
-37
-31
-32
-35
-81
-85
-89
-86
-72
-71
-48
-50
-54
-78
-93
-95
-79
-64
-60
-41
-47
-26
-38
-52
-57
-72
-80
-85
-93
-102
-84
-92
-111
-98
-90
-80
-73
-71
-53
-70
-90
-75
-83
-90
-85
-88
-82
-65
-82
-93
-104
-119
-107
-95
-94
-99
-77
-71
-84
-96
-109
-122
-152
-140
-119
-96
-89
-69
-88
-106
-103
-123
-116
-99
-84
-96
-90
-85
-105
-118
-140
-130
-113
-109
-105
-112
-129
-140
-150
-151
-126
-102
-84
-82
-91
-94
-92
-107
-129
-119
-127
-115
-109
-121
-117
-103
-121
-143
-141
-150
-168
-169
-173
-171
-149
-145
-133
-125
-115
-126
-149
-139
-119
-117
-128
-145
-151
-148
-157
-149
-142
-162
-188
-175
-159
-125
-141
-120
-126
-139
-130
-137
-109
-104
-105
-109
-131
-162
-139
-141
-124
-127
-127
-112
-123
-119
-111
-100
-99
-105
-103
-110
-106
-119
-101
-87
-86
-79
-83
-96
-107
-93
-93
-89
-88
-100
-95
-100
-104
-92
-79
-85
-72
-96
-83
-90
-85
-95
-96
-75
-79
-66
-81
-81
-62
-45
-40
-7
-9
-7
-15
-27
-32
-28
-40
-30
-37
-14
1
-17
-7
-18
9
-18
-17
-16
-16
-1
-8
7
-8
-28
-31
-18
1
11
15
11
-9
3
1
25
32
1
-18
-22
-21
-8
3
-10
0
-2
-6
-15
11
25
20
24
21
23
28
36
46
53
57
60
55
41
40
32
35
45
68
64
44
49
45
52
59
55
36
17
-13
-11
18
2
25
71
85
85
80
75
57
64
59
56
58
33
24
-1
4
10
-2
20
14
2
9
4
6
-8
-10
17
22
25
52
39
31
31
34
14
35
44
37
32
-8
0
-2
-14
-28
-36
-19
3
-6
21
27
10
8
-12
-7
5
-4
12
11
-12
-19
-38
-69
-63
-50
-23
15
-7
-26
-44
-62
-54
-37
-20
5
-5
-23
-46
-57
-69
-43
-31
-33
-36
-48
-56
-52
-31
-42
-31
-40
-69
-79
-61
-35
-22
-11
-28
-43
-59
-82
-69
-81
-72
-64
-58
-63
-71
-64
-75
-60
-73
-78
-73
-83
-75
-57
-51
-51
-40
-57
-77
-80
-101
-93
-82
-83
-79
-85
-91
-100
-88
-89
-89
-93
-100
-90
-83
-67
-55
-45
-62
-60
-75
-83
-83
-83
-83
-80
-63
-68
-64
-66
-55
-58
-55
-43
-54
-63
-65
-79
-71
-78
-48
-19
-18
-24
-37
-61
-79
-76
-73
-65
-51
-63
-74
-59
-67
-48
-32
-18
-37
-55
-46
-79
-86
-95
-92
-104
-107
-90
-97
-92
-101
-93
-113
-105
-101
-85
-71
-81
-58
-61
-82
-100
-120
-116
-114
-103
-88
-85
-87
-102
-100
-92
-96
-88
-91
-88
-94
-100
-85
-80
-88
-100
-103
-95
-96
-89
-45
-34
-65
-69
-70
-85
-102
-97
-101
-106
-97
-106
-114
-128
-120
-111
-121
-128
-124
-106
-92
-109
-125
-124
-112
-101
-100
-94
-91
-81
-109
-102
-93
-89
-81
-92
-91
-105
-98
-102
-103
-94
-114
-101
-100
-103
-79
-68
-57
-72
-72
-87
-76
-45
-60
-52
-49
-70
-74
-81
-75
-77
-88
-96
-92
-90
-92
-80
-69
-60
-57
-65
-69
-55
-70
-67
-46
-48
-53
-62
-70
-76
-79
-74
-60
-60
-78
-92
-116
-120
-110
-92
-88
-87
-93
-88
-67
-37
-25
-39
-45
-36
-49
-59
-72
-87
-82
-79
-79
-86
-84
-77
-80
-83
-75
-59
-52
-44
-50
-58
-64
-64
-51
-70
-82
-106
-91
-92
-89
-73
-60
-51
-58
-45
-77
-72
-70
-49
-39
-36
-30
-23
-19
-43
-41
-53
-79
-65
-75
-61
-60
-55
-49
-67
-66
-86
-84
-69
-59
-53
-47
-64
-64
-54
-60
-72
-62
-69
-79
-81
-89
-97
-93
-85
-78
-72
-84
-75
-81
-76
-60
-79
-97
-122
-110
-96
-100
-85
-80
-100
-90
-103
-100
-74
-55
-60
-44
-34
-58
-49
-55
-53
-54
-47
-47
-34
-31
-37
-45
-48
-58
-56
-29
-32
-14
-14
-24
-49
-61
-47
-48
-50
-46
-56
-78
-71
-51
-52
-35
-8
-8
-8
-25
-41
-48
-31
-30
-20
-13
-7
-10
-20
-22
-52
-56
-68
-64
-53
-57
-56
-67
-87
-102
-100
-76
-50
-54
-46
-22
-20
-30
-44
-60
-77
-84
-87
-95
-106
-86
-82
-81
-72
-93
-108
-110
-109
-98
-69
-62
-40
-49
-59
-69
-82
-83
-75
-73
-70
-64
-82
-100
-111
-95
-80
-71
-50
-37
-41
-58
-80
-82
-71
-45
-42
-68
-75
-74
-62
-53
-51
-54
-60
-64
-65
-63
-69
-54
-33
-40
-47
-45
-70
-61
-61
-36
-28
-47
-32
-60
-42
-42
-30
-36
-61
-54
-70
-84
-67
-62
-44
-19
-38
-17
-37
-38
-21
-34
-28
-28
-39
-66
-65
-58
-54
-37
-37
-44
-50
-55
-74
-69
-62
-20
-15
-17
-11
-10
5
18
18
11
22
14
27
22
12
10
-6
-21
-16
-13
-23
-16
6
7
6
13
-5
-13
-9
-20
9
27
8
14
16
-11
-8
19
40
69
70
49
67
47
42
35
-1
13
1
18
-4
16
8
-1
-3
7
13
-2
6
0
14
13
31
6
22
31
29
26
12
4
17
25
20
46
39
37
26
-8
-12
-28
-25
-11
-5
-7
-15
-19
-14
-2
21
15
21
8
-25
-15
-9
-1
13
8
-5
-13
-15
-35
-32
-14
-4
2
2
22
25
31
24
32
23
6
-8
-17
-10
-5
-4
-12
8
13
16
11
4
14
35
62
58
61
28
-5
-10
-15
2
9
7
18
34
28
22
39
28
25
33
39
50
44
47
47
5
-13
4
9
7
9
4
-22
-52
-35
-44
-25
-15
-14
-1
-30
-10
1
17
33
45
32
39
33
31
34
19
24
4
-6
-26
-20
-7
-7
8
-20
-28
-19
-17
-2
4
37
42
41
37
13
19
8
2
0
-22
-17
-27
-24
-32
-34
-17
-27
-30
-24
-43
-48
-55
-59
-54
-33
-21
-8
7
4
3
-11
-16
-21
-42
-23
-5
-30
-45
-34
-17
-18
-23
-18
-22
-35
-42
-49
-46
-29
-51
-46
-56
-68
-64
-56
-57
-51
-42
-59
-56
-46
-60
-66
-54
-73
-85
-84
-63
-67
-58
-36
-36
-44
-38
-25
-22
-17
-24
-42
-54
-40
-37
-44
-47
-60
-56
-45
-31
-24
-41
-29
-40
-46
-32
-25
-37
-25
-26
-36
-49
-53
-47
-39
-29
-28
-21
-35
-20
-12
-8
-2
-2
-18
-49
-48
-52
-44
-33
-22
-26
-28
-41
-73
-43
-11
-12
-5
-31
-68
-61
-58
-21
-26
-27
-15
-23
-15
9
27
15
12
34
1
-14
-22
-17
-14
-21
4
-14
-10
-29
-28
-27
-54
-31
-18
-15
-12
10
-2
-14
-5
-4
-7
-17
-35
-32
-39
-63
-50
-31
-35
-41
-29
-36
-41
-39
-36
-22
-15
-25
-23
-2
8
-9
-11
-32
-47
-23
16
21
19
18
1
-14
-30
-20
-19
-38
-51
-55
-58
-43
-23
-29
-39
-16
-25
-25
-7
13
15
9
-3
-33
-56
-43
-43
-57
-48
-42
-17
-37
-59
-58
-51
-47
-81
-65
-64
-65
-39
-16
-11
-46
-44
-33
-5
9
35
9
-10
-25
-31
-46
-78
-56
-83
-66
-51
-52
-55
-59
-65
-52
-68
-62
-59
-88
-69
-59
-64
-67
-50
-62
-32
-26
-17
-20
-31
-27
-51
-48
-35
-35
-26
-54
-65
-49
-65
-66
-57
-38
-32
-10
-15
-19
-22
-43
-38
-35
-32
-45
-44
-42
-42
-30
-14
-4
21
23
17
15
6
-2
14
26
9
5
24
14
16
17
-17
-29
-16
-24
-31
-7
-6
-5
-21
-31
-30
-28
-22
-31
-19
-13
-16
-32
-47
-65
-63
-50
-45
-52
-53
-29
-27
-21
-11
-13
-14
-9
-3
11
30
38
42
45
38
17
1
-28
-25
-16
8
5
6
-9
-36
-59
-53
-16
10
14
-2
10
2
17
21
14
5
6
-11
-8
-15
-28
-29
-26
-49
-28
-32
-44
-32
-35
-16
-10
-24
-36
-36
-27
-7
33
46
53
59
50
37
24
22
6
-5
5
19
51
51
34
33
-3
16
21
14
22
20
33
32
39
29
39
37
34
53
61
42
33
22
25
29
41
65
42
34
47
50
58
69
71
72
46
52
44
48
36
39
44
29
1
-18
-3
-10
0
20
10
16
16
23
42
33
41
47
45
36
37
43
34
19
12
-4
-8
8
42
58
53
25
22
11
21
44
46
59
53
46
49
42
39
55
37
31
42
19
34
31
27
33
23
13
10
7
1
21
2
9
34
7
23
35
39
50
50
48
43
30
20
27
16
-1
6
7
0
5
6
1
-15
9
21
7
29
40
26
11
4
12
15
37
55
43
37
48
43
14
15
25
12
42
53
38
41
25
17
9
-7
-2
33
48
45
51
20
15
22
22
32
43
43
38
49
57
46
45
50
42
49
50
55
54
56
51
36
20
39
75
102
82
70
51
26
24
20
31
34
56
67
84
89
77
68
74
81
90
88
92
99
108
87
57
35
50
38
58
60
58
89
94
81
84
81
71
91
95
116
122
133
109
82
62
50
80
72
71
71
59
33
47
51
49
79
61
66
81
76
87
105
111
93
80
54
51
56
52
62
60
63
52
54
42
30
39
46
64
67
51
29
36
26
20
29
31
43
58
73
89
80
71
56
31
34
34
61
83
97
91
85
68
33
28
38
34
41
50
34
40
20
28
32
44
46
51
59
57
46
44
36
10
25
16
10
17
35
32
45
51
32
18
15
12
33
73
86
84
56
23
-9
-8
10
19
24
12
18
-4
-2
0
-13
-7
-10
-5
-13
21
22
32
42
30
24
10
18
31
32
21
29
29
27
18
20
7
-4
16
31
33
26
12
17
15
20
28
24
7
-8
6
1
-3
9
9
12
3
5
-2
2
35
47
65
37
25
37
26
40
43
47
57
51
38
7
-3
-3
22
9
32
15
1
1
-1
1
11
-2
-22
-14
-18
26
50
67
45
28
13
20
48
54
53
46
20
-5
5
14
34
52
38
27
17
27
20
14
9
6
29
40
43
41
39
32
33
34
52
56
45
36
18
23
32
33
31
33
38
33
32
42
32
26
32
41
44
61
70
73
79
46
47
35
37
39
31
55
34
56
60
57
43
23
14
14
35
30
45
66
57
28
21
27
21
22
40
54
45
24
11
9
13
25
21
43
46
38
36
37
50
40
21
14
35
38
59
65
61
59
44
48
66
78
69
71
55
35
27
20
9
29
31
12
24
28
45
66
81
78
73
52
55
41
23
40
37
28
22
18
24
32
53
43
34
21
21
12
20
23
38
36
21
12
-1
17
25
46
78
80
39
20
24
4
17
23
38
34
18
32
34
45
30
25
25
16
0
24
31
42
43
20
10
-7
-3
-7
25
22
13
6
5
2
21
18
16
8
-5
-3
6
12
21
21
5
24
3
12
14
28
10
4
-11
-12
22
2
25
55
46
39
47
51
53
67
52
23
16
26
28
47
72
50
32
10
13
32
43
76
97
93
72
61
62
40
51
45
26
39
36
54
72
54
42
49
50
46
52
58
67
61
62
77
80
65
54
68
48
47
58
66
62
50
70
65
58
72
69
77
100
105
99
72
49
52
41
34
20
33
30
-6
15
2
-12
-20
-27
-7
9
39
48
65
73
98
98
93
69
81
83
71
72
62
75
74
75
67
85
72
65
42
22
6
8
4
37
62
81
74
45
40
33
34
32
16
36
43
47
81
72
76
83
56
41
30
30
10
0
7
10
30
22
26
5
11
21
20
31
26
59
62
64
69
75
86
62
57
48
54
40
33
41
40
50
44
64
52
27
19
16
14
12
17
40
35
30
28
34
11
-15
9
-6
10
3
8
18
18
24
5
6
31
30
43
39
22
39
37
29
20
27
26
34
18
26
19
28
19
9
-7
-31
8
2
9
3
17
38
47
53
36
30
13
-3
-15
-15
-2
8
32
30
12
16
6
8
24
33
44
34
27
40
20
37
43
62
66
45
41
36
35
52
53
36
29
15
22
26
29
5
24
41
49
52
67
73
60
60
42
66
81
76
61
19
-2
7
5
12
21
20
38
38
50
53
76
69
98
110
109
122
118
90
58
83
96
89
74
69
64
71
79
91
86
83
73
76
76
70
65
53
52
56
67
91
106
121
123
120
109
109
107
93
84
87
99
83
55
46
26
35
51
61
83
62
53
55
42
56
91
115
117
97
72
66
68
78
82
73
66
67
47
46
53
67
72
76
78
80
75
71
83
101
107
111
127
94
83
89
84
114
127
145
144
125
113
75
103
102
83
91
72
64
71
96
109
116
96
66
53
51
53
70
94
120
127
118
111
105
77
73
107
107
84
57
36
49
45
64
60
56
48
51
36
38
72
74
85
99
94
74
88
81
70
77
83
80
80
63
74
82
67
78
66
50
28
17
10
11
15
21
43
70
74
81
63
34
26
26
60
66
88
105
109
84
71
63
66
56
50
38
41
46
34
26
36
20
12
8
-5
0
29
43
36
31
32
39
26
19
26
45
67
72
44
24
19
-4
10
29
40
54
35
41
19
22
26
16
29
63
87
75
62
60
36
16
5
26
54
41
48
45
12
7
16
-14
14
12
27
21
38
49
39
54
30
27
56
65
59
48
28
58
52
45
20
22
7
10
29
35
34
37
57
50
47
49
60
78
54
45
51
47
45
65
76
94
91
82
75
52
54
51
76
83
83
67
57
43
37
50
57
78
84
93
90
93
95
72
85
83
86
82
73
61
45
68
80
88
83
80
83
95
107
103
110
83
69
35
30
19
19
57
50
35
20
28
27
53
53
54
62
71
92
98
96
83
75
70
76
58
47
37
26
38
67
74
80
85
68
45
24
17
26
43
64
73
89
107
78
70
65
64
64
72
55
48
47
40
47
50
53
57
65
41
34
20
30
36
48
59
63
66
48
50
60
84
77
32
23
41
64
64
67
50
51
25
11
3
3
46
76
90
103
78
57
67
50
65
69
83
102
83
95
83
73
62
36
41
17
18
38
54
41
32
41
27
43
48
52
78
60
76
73
75
67
60
72
55
64
95
105
96
90
52
45
23
9
21
47
58
61
59
49
35
21
27
47
49
61
62
60
63
67
74
72
63
23
32
55
60
81
87
65
91
78
86
88
62
48
49
59
36
32
30
25
26
37
70
81
70
70
53
54
43
48
57
55
65
87
84
82
66
25
25
-10
10
26
50
61
69
82
49
35
21
23
10
15
30
60
69
77
84
48
48
18
5
12
13
19
31
45
34
33
33
37
36
52
72
89
73
51
28
21
8
-7
7
32
39
24
18
9
-14
6
7
-2
25
12
19
29
31
30
26
26
13
10
6
10
5
15
30
41
57
40
23
17
15
16
18
19
9
0
6
14
35
28
33
28
-1
-21
-18
-12
6
14
-10
-5
-13
-6
-3
-13
6
-15
-2
-3
-3
20
13
19
14
1
4
6
4
11
14
-5
-12
18
17
11
22
29
44
46
27
-9
-12
-11
-1
5
20
38
41
56
37
19
16
20
47
58
45
51
40
20
33
35
27
33
20
18
15
15
39
65
70
48
33
43
61
78
107
101
72
32
20
21
15
7
19
43
61
51
6
-3
-22
-32
-23
-18
7
22
27
52
36
33
20
21
15
26
39
43
43
34
32
5
-10
-4
-6
0
21
22
38
44
58
39
47
63
64
58
63
62
43
11
8
26
17
31
27
25
26
7
-1
5
-10
8
12
17
17
31
34
28
50
30
35
7
-8
9
19
23
40
44
16
-10
-39
-29
-9
45
64
79
77
63
46
27
25
7
18
5
5
14
45
33
38
40
6
11
5
15
2
13
25
18
-1
2
2
-6
23
31
34
29
22
-8
4
0
-5
3
9
20
32
48
63
48
41
28
33
60
54
66
75
76
35
11
-14
-7
14
28
33
32
14
3
-13
-5
37
28
38
31
3
-5
-1
19
24
44
40
32
38
51
60
69
77
64
72
42
51
32
34
34
12
30
23
32
31
11
13
18
41
35
54
53
51
65
50
59
63
60
29
24
13
19
36
21
20
16
6
11
24
44
40
40
43
43
39
63
44
55
48
42
38
27
41
27
33
23
3
-4
-14
6
6
23
58
76
69
66
75
28
44
34
24
39
27
20
11
-3
18
17
17
31
25
11
32
41
62
91
88
51
48
49
71
81
65
62
45
59
54
58
40
61
54
68
96
112
106
102
111
91
93
105
103
99
107
103
100
94
87
71
73
89
86
106
103
98
93
81
83
107
124
145
159
141
126
132
131
130
135
116
119
124
124
130
141
126
112
107
104
101
108
123
116
113
113
129
136
153
170
174
173
164
157
160
154
144
128
127
130
120
138
136
113
96
83
61
79
94
107
112
140
169
149
148
135
142
138
122
130
130
129
131
109
110
93
103
102
88
109
109
106
81
82
104
132
139
130
129
135
134
132
142
136
104
112
107
122
135
122
97
94
108
116
109
116
127
125
126
106
99
85
117
99
105
104
92
78
84
97
105
98
61
72
76
81
96
117
116
120
108
95
97
103
93
95
97
73
51
56
72
83
111
95
91
78
57
60
74
93
115
124
111
102
62
42
36
52
72
79
83
86
96
74
70
53
56
69
65
114
122
139
142
131
116
93
115
107
129
138
111
102
82
84
67
54
59
63
79
83
84
73
84
96
100
94
93
88
74
73
72
79
51
54
62
40
45
53
43
24
33
45
30
38
40
30
24
20
12
13
19
17
47
62
57
43
37
30
16
24
26
8
30
24
18
18
17
25
18
27
31
37
44
55
44
28
37
30
32
37
26
14
16
13
23
28
8
10
-17
-35
-25
-15
-11
-3
-34
-27
-20
-14
-1
-3
0
17
21
15
-1
-19
-3
-5
17
28
12
-22
-62
-44
-49
-53
-23
-14
0
-17
-16
-4
-12
2
8
0
4
13
16
24
49
54
31
31
16
37
38
42
44
22
5
-1
3
-6
6
-17
-7
3
6
12
3
27
18
14
18
12
12
11
19
35
18
25
12
14
27
43
65
72
86
76
50
47
29
-2
-6
-3
27
37
12
-34
-35
-23
-24
-24
-13
-29
-14
-9
20
31
22
25
-4
-4
-21
-12
18
9
-14
4
-13
-4
-17
-9
-5
-30
-27
-44
-55
-42
-30
-22
-7
-13
-21
-22
-30
-40
-25
-24
-22
-51
-85
-85
-96
-88
-91
-73
-69
-86
-73
-76
-73
-57
-39
-27
-28
-24
-31
-34
-27
-36
-57
-51
-58
-61
-68
-76
-78
-86
-80
-73
-75
-90
-106
-123
-108
-91
-73
-67
-52
-63
-55
-75
-94
-81
-63
-49
-53
-85
-92
-109
-114
-98
-93
-66
-69
-89
-101
-82
-85
-59
-59
-46
-47
-70
-79
-85
-76
-80
-56
-55
-58
-56
-62
-68
-54
-59
-67
-74
-79
-89
-99
-79
-62
-56
-50
-43
-48
-59
-62
-93
-99
-109
-115
-103
-95
-71
-61
-41
-53
-59
-46
-42
-71
-76
-46
-47
-34
-41
-55
-81
-87
-80
-78
-70
-70
-85
-85
-69
-53
-61
-78
-83
-98
-85
-86
-62
-62
-67
-48
-40
-41
-41
-21
-8
-15
-22
-26
-37
-38
-62
-55
-46
-36
-54
-49
-67
-85
-86
-97
-91
-78
-68
-65
-79
-84
-74
-59
-48
-61
-38
-41
-45
-29
-38
-34
-42
-59
-71
-63
-63
-66
-53
-38
-32
-29
-28
-19
-30
-12
-16
-19
-25
-16
-26
-53
-41
-43
-14
-13
10
-14
-28
-20
-30
-28
-25
-22
-19
-8
-9
-15
-13
4
25
7
0
-26
-7
0
16
16
-1
-1
-29
2
-10
-17
-1
19
47
45
28
12
11
13
24
33
58
71
52
50
35
45
53
57
50
41
48
38
33
68
78
84
82
59
63
58
51
43
44
47
51
40
24
5
-2
10
21
26
58
60
60
72
49
50
59
71
70
62
56
64
71
57
50
50
39
42
52
55
59
48
49
52
45
54
59
62
91
80
74
74
55
60
87
98
91
94
77
72
78
55
35
39
19
39
6
6
13
14
-10
-21
9
20
44
47
51
27
24
28
35
40
65
62
48
64
66
53
35
23
16
36
45
62
70
38
32
59
62
66
72
59
47
46
43
36
58
50
50
61
41
24
18
22
30
23
34
53
60
73
94
82
80
62
56
55
47
84
76
72
68
55
43
44
52
44
40
22
37
37
42
73
89
94
84
79
94
85
78
74
45
54
47
51
58
60
51
36
44
44
55
40
50
34
39
63
71
91
76
55
21
13
51
67
68
64
30
25
45
23
15
18
22
20
29
28
42
31
15
35
38
46
28
33
30
12
12
15
38
33
31
21
15
4
4
-18
-19
6
1
25
44
37
55
45
43
38
25
24
-1
-9
10
32
49
76
77
55
36
20
17
41
22
22
46
40
56
63
70
80
73
69
71
53
41
48
55
56
62
63
48
44
14
20
16
16
23
25
31
25
52
68
61
59
52
51
39
30
32
19
33
34
46
65
60
44
38
24
19
28
17
29
39
42
48
50
68
81
61
65
54
22
35
38
37
43
66
90
85
59
55
38
34
1
-2
24
14
47
45
41
35
40
13
19
15
34
59
43
37
35
34
40
27
23
21
22
40
55
69
48
45
28
22
26
37
39
36
40
35
24
29
37
28
12
11
34
37
23
30
37
26
27
41
30
33
43
37
30
20
16
-11
-10
-20
-28
-15
-6
-4
-9
-16
-24
-17
-11
-19
0
-6
-5
15
-5
-11
-20
-18
-17
-25
-20
-40
-34
-21
-42
-18
-34
-48
-61
-77
-91
-94
-85
-61
-26
-19
-15
-36
-48
-48
-45
-33
-20
-33
-43
-50
-42
-41
-43
-56
-81
-73
-70
-71
-71
-52
-43
-61
-64
-61
-69
-68
-43
-34
-45
-59
-73
-106
-107
-94
-67
-68
-71
-49
-70
-78
-90
-59
-40
-31
-44
-63
-71
-66
-63
-75
-56
-57
-54
-53
-67
-61
-82
-87
-86
-99
-96
-106
-116
-109
-92
-92
-68
-68
-67
-66
-67
-70
-88
-78
-64
-56
-63
-62
-69
-78
-97
-106
-112
-84
-66
-67
-56
-49
-60
-55
-48
-33
-11
-51
-48
-74
-81
-58
-66
-54
-51
-29
-16
-38
-55
-78
-89
-98
-83
-64
-35
-17
-22
-31
-53
-41
-55
-57
-61
-45
-30
-11
-19
-27
-38
-56
-39
-31
-37
-11
0
-25
-39
-50
-47
-44
-2
12
30
20
7
-13
-47
-46
-51
-31
-15
-24
-21
-17
-22
-27
-54
-67
-72
-74
-56
-41
-19
-15
-26
-30
-57
-66
-44
-41
-20
-27
-30
-45
-56
-47
-57
-41
-37
-37
-34
-41
-40
-32
-34
-37
-28
-39
-43
-19
6
12
6
-15
-20
-46
-50
-26
-22
-10
5
-34
-38
-48
-61
-69
-71
-64
-53
-20
-28
-23
-22
-47
-58
-50
-38
-17
-8
-4
-17
-27
-38
-35
-34
-40
-39
-45
-45
-30
-11
-13
-13
-3
1
7
4
2
-28
-14
-8
-13
0
-19
4
0
-15
5
-6
-6
-5
-17
-23
-27
-11
2
13
-2
-20
-13
-26
-9
-12
-29
-28
-34
-28
-45
-28
-21
-26
-2
-3
15
16
19
16
-16
30
35
57
76
53
36
16
4
-23
2
9
-8
-14
-29
-25
0
4
-2
-14
-20
-16
4
14
35
53
44
44
36
42
52
45
44
34
23
27
10
-5
-9
15
31
37
22
12
13
13
23
24
16
38
13
0
7
4
12
-5
5
8
8
13
22
17
32
-1
-7
-10
-14
2
25
14
11
11
-7
-10
-19
2
12
-1
3
1
7
9
-2
1
13
2
2
13
20
2
-2
-11
-11
1
12
-2
19
13
23
16
-20
-9
2
-8
3
23
20
29
18
5
15
13
28
38
43
47
53
39
25
10
10
4
-5
-16
-6
9
11
25
7
11
7
-11
-5
5
20
31
10
-2
-1
4
-6
10
23
-14
-22
-15
-22
-21
-17
0
5
-4
-11
-16
-4
8
10
5
15
20
30
61
47
44
23
10
8
1
-4
-32
-8
-22
-24
-21
-34
-27
-17
-4
-5
3
1
-8
-33
-22
-7
-1
23
20
14
21
25
42
11
-2
1
-4
-6
-20
-20
-5
-13
1
-5
-8
0
-14
5
5
30
40
61
52
42
38
37
38
47
61
58
54
50
39
12
28
15
4
13
22
44
31
39
58
75
53
58
62
42
54
50
47
26
10
-2
4
4
2
5
4
1
2
-23
-12
-2
-10
-3
1
9
9
16
20
20
23
27
22
10
4
6
9
41
39
34
42
46
43
50
49
41
28
54
43
60
69
39
40
30
34
50
49
43
43
36
54
65
60
51
41
37
24
26
21
20
29
38
20
26
20
1
23
26
12
-6
16
21
17
28
48
46
32
19
4
48
65
54
51
40
29
22
31
23
33
34
23
21
8
1
19
0
7
12
-3
8
-17
-23
-20
-20
-18
-8
-4
-15
-22
-13
15
7
5
19
2
-19
-14
-20
-7
2
-22
-28
-46
-68
-73
-71
-44
-38
-35
-18
-7
0
8
5
-11
-34
-62
-60
-46
-68
-81
-99
-103
-84
-95
-100
-92
-103
-91
-82
-68
-56
-54
-58
-72
-81
-94
-88
-86
-99
-101
-86
-77
-82
-87
-89
-90
-97
-134
-110
-100
-99
-82
-95
-109
-104
-94
-107
-108
-120
-127
-117
-108
-106
-121
-125
-134
-131
-105
-109
-84
-83
-76
-82
-100
-85
-91
-87
-88
-81
-77
-76
-104
-137
-123
-136
-136
-120
-120
-108
-97
-89
-102
-81
-77
-63
-59
-76
-90
-99
-102
-109
-99
-76
-77
-105
-124
-129
-116
-121
-111
-123
-115
-110
-115
-107
-100
-63
-30
-36
-27
-29
-23
-29
-60
-42
-47
-63
-70
-87
-70
-47
-38
-49
-52
-75
-76
-78
-102
-65
-72
-70
-63
-78
-97
-110
-89
-66
-78
-48
-53
-68
-56
-88
-62
-71
-63
-48
-63
-59
-76
-66
-72
-71
-85
-92
-99
-106
-64
-34
-37
-38
-36
-26
-30
-44
-52
-76
-87
-84
-63
-74
-63
-64
-81
-90
-80
-63
-47
-45
-42
-33
-34
-15
-23
-42
-62
-63
-74
-50
-39
-21
-26
-52
-40
-34
-44
-64
-49
-51
-38
-59
-59
-60
-53
-39
-48
-40
-37
-59
-69
-52
-53
-36
-27
-41
-52
-44
-54
-61
-37
-34
-9
-20
-20
-31
-44
-22
-45
-48
-32
-37
-24
-42
-46
-22
-42
-46
-49
-33
-11
-20
-11
1
-28
-37
-33
-23
-17
-6
-11
-19
-25
-40
-39
-34
-46
-50
-44
-45
-63
-69
-70
-68
-62
-82
-96
-116
-93
-65
-72
-45
-40
-34
-43
-64
-76
-58
-44
-19
-32
-59
-86
-87
-77
-96
-81
-86
-99
-101
-106
-103
-75
-78
-80
-86
-69
-54
-63
-40
-48
-51
-57
-64
-58
-70
-63
-57
-44
-64
-63
-80
-112
-100
-100
-107
-87
-87
-85
-74
-76
-70
-87
-58
-42
-49
-58
-68
-73
-83
-92
-87
-85
-100
-101
-96
-84
-95
-104
-74
-87
-82
-92
-101
-82
-68
-71
-71
-73
-91
-99
-107
-120
-111
-122
-132
-112
-125
-118
-109
-89
-99
-91
-102
-101
-85
-85
-68
-46
-54
-65
-62
-89
-86
-85
-78
-69
-72
-71
-92
-94
-83
-90
-76
-81
-61
-76
-71
-61
-74
-64
-74
-48
-57
-68
-80
-81
-75
-70
-52
-54
-56
-75
-65
-58
-59
-64
-70
-83
-98
-79
-58
-37
-45
-42
-41
-41
-38
-63
-66
-72
-64
-60
-57
-64
-67
-54
-58
-54
-56
-51
-63
-51
-24
-35
-51
-47
-61
-82
-78
-73
-88
-107
-98
-120
-95
-72
-72
-65
-76
-81
-80
-63
-48
-32
-72
-73
-66
-63
-57
-33
-32
-77
-69
-78
-85
-78
-81
-57
-48
-66
-93
-83
-87
-68
-70
-91
-84
-87
-65
-72
-65
-65
-69
-60
-79
-91
-77
-89
-90
-83
-100
-96
-99
-95
-92
-93
-76
-94
-100
-92
-87
-84
-83
-94
-103
-85
-74
-76
-73
-76
-85
-73
-79
-78
-79
-89
-76
-87
-72
-53
-57
-47
-58
-63
-64
-64
-53
-46
-56
-61
-75
-69
-70
-62
-49
-61
-54
-52
-50
-55
-43
-42
-65
-80
-83
-83
-72
-59
-44
-30
-30
-41
-35
-27
-50
-27
-21
-7
-13
-24
-27
-27
-17
-12
-1
-26
-26
-47
-46
-43
-46
-22
-28
-25
-27
-22
-22
-24
-16
-39
-47
-40
-48
-48
-30
-50
-56
-49
-50
-42
-31
-25
-37
-28
-29
-39
-46
-18
-8
7
2
-28
-51
-46
-63
-68
-68
-80
-67
-64
-47
-62
-81
-78
-105
-107
-94
-85
-84
-48
-42
-56
-46
-24
-22
-33
-29
-44
-41
-52
-60
-61
-63
-67
-64
-69
-65
-53
-69
-63
-82
-63
-54
-36
-20
-16
-24
-46
-20
-39
-23
-11
-15
-40
-56
-52
-48
-38
-27
-23
-21
-27
-27
-10
-27
-37
-37
-27
-10
-15
-26
-32
-30
-37
-44
-37
-43
-48
-37
-54
-52
-48
-45
-20
-15
-32
-50
-63
-57
-47
-29
-46
-30
-24
-18
-17
-1
-17
-42
-31
-16
-10
-19
-16
-23
-18
-10
-11
-13
-27
-27
-10
-27
-39
-31
-13
-9
-11
-15
-43
-53
-43
-26
-11
-4
8
15
1
-13
-29
-16
8
2
-3
-24
-27
-27
6
9
22
21
7
-25
-10
10
-10
-2
-9
-14
-20
-2
3
-2
10
0
0
-2
-10
-6
-8
-11
-15
-2
14
7
-4
-20
-42
-56
-58
-51
-33
-28
-14
7
13
19
9
-2
3
-12
-4
12
-1
5
11
31
17
14
-8
-14
-3
-18
-5
-23
-18
-14
-21
-31
-14
6
19
35
23
26
-1
-1
4
14
31
15
-16
-8
-2
-15
-11
-12
1
-14
-19
-24
-7
11
2
6
22
39
53
37
31
27
-4
6
19
40
21
27
36
22
19
1
-2
10
6
26
15
40
47
26
32
18
-6
3
16
37
54
37
32
-17
-16
-19
-18
5
13
1
-8
-4
-5
-9
3
25
30
36
49
32
21
19
1
19
28
48
36
36
44
30
40
58
31
36
41
26
33
45
56
59
31
30
-3
-7
-1
17
20
-10
0
-6
-11
16
16
7
-22
-37
-42
-30
9
23
40
31
14
24
25
26
24
26
13
-4
-4
0
8
13
19
-9
-28
-30
-30
-13
23
25
25
43
32
35
32
4
-10
8
14
13
11
-13
-15
-34
-28
-25
-29
-17
-17
-33
-42
-48
-47
-42
-39
-13
-11
20
34
4
-5
-24
-44
-41
-39
-30
-20
-30
-35
-33
-56
-68
-66
-62
-40
-16
3
6
15
0
-12
-14
-16
-25
-29
-31
-22
-26
-9
-3
-9
-31
-22
-5
-6
14
15
21
7
-1
-3
-16
-17
4
15
3
-1
-17
-29
-18
-18
-9
-29
-46
-59
-54
-35
-35
-28
-21
-37
-39
-49
-51
-35
-43
-39
-38
-33
-40
-32
-31
-37
-22
-33
-22
-15
5
16
34
32
14
-1
-5
33
35
43
45
16
-19
-44
-27
16
21
25
21
-3
-6
-5
17
9
10
22
0
7
11
0
44
21
9
-3
-17
-2
3
9
13
12
-18
-13
-5
13
38
34
17
-12
-44
-41
-44
-32
-7
2
15
7
-5
-1
23
22
28
26
3
7
-10
1
14
16
8
-8
-20
-24
-24
-13
-5
-19
-12
-14
-13
1
7
3
21
30
19
11
10
29
37
45
25
30
14
5
-7
-27
-23
-38
-33
-23
-10
-8
-28
-9
27
30
35
7
-10
-14
-13
-11
-29
-4
-10
9
29
14
10
-2
4
5
-6
-9
13
15
19
36
15
19
21
1
-4
18
41
48
33
14
13
10
16
25
29
26
26
22
24
48
28
36
42
26
16
16
21
38
29
13
7
-2
29
27
52
71
61
50
56
54
53
57
33
25
9
-2
-1
23
21
19
8
13
1
26
33
16
25
11
14
17
21
24
34
43
40
35
15
41
49
27
38
20
15
-1
-4
-13
-31
-41
-52
-40
-33
-38
-12
-8
2
6
18
26
10
24
16
13
23
1
11
37
24
28
10
-7
-13
-9
-5
-8
-28
-15
-10
-7
12
-4
-7
0
-1
13
38
46
26
17
12
15
24
23
14
-11
-16
-10
-3
21
36
20
21
11
-20
-23
-1
39
49
44
34
33
20
17
15
1
-3
-7
19
2
8
-8
-20
-10
-27
-27
7
41
55
65
78
50
48
56
43
62
68
81
55
71
63
51
39
37
68
59
73
80
68
48
29
39
29
17
20
24
46
55
57
59
55
44
64
89
100
85
62
65
54
47
68
88
95
106
87
93
99
104
118
115
105
89
101
87
79
82
74
88
72
92
89
104
99
62
73
92
95
86
99
113
130
108
96
78
76
93
91
94
85
78
73
70
58
64
76
74
86
111
99
112
116
108
119
116
123
116
129
131
110
88
64
65
64
78
98
120
99
98
68
56
62
74
97
104
130
96
92
74
92
98
95
110
102
76
74
82
70
81
76
57
60
80
83
84
81
102
104
113
111
88
76
73
74
76
58
38
35
36
48
44
34
34
47
44
68
90
75
89
63
67
72
77
94
87
100
75
71
72
52
52
60
77
90
103
89
90
90
86
69
72
73
58
88
87
72
75
69
75
82
62
87
79
78
82
81
94
94
96
86
80
61
86
87
94
85
58
62
54
63
83
84
77
91
76
75
79
76
99
89
97
88
94
96
102
106
97
103
88
95
87
86
99
113
106
119
120
104
98
95
95
83
76
66
76
96
99
100
103
102
98
80
72
88
79
99
102
86
94
105
100
77
53
47
60
63
111
128
121
107
79
74
88
87
85
89
82
113
100
111
107
77
86
92
92
108
110
102
108
85
56
75
78
72
77
103
142
145
129
110
110
95
115
114
129
125
113
91
58
54
34
43
48
65
86
80
70
76
68
66
63
64
85
81
81
105
99
81
70
54
57
52
51
66
71
61
62
51
26
34
44
22
24
20
20
34
35
41
21
9
15
10
38
62
62
67
54
42
40
49
58
62
91
100
76
63
26
21
33
46
46
54
51
46
60
51
51
18
11
24
12
27
6
-8
-2
26
43
34
34
50
30
27
34
46
22
17
24
23
36
52
39
24
18
1
-12
-21
12
11
9
-11
-9
0
9
22
21
29
32
47
38
30
17
34
23
28
37
35
32
25
34
22
18
14
26
40
63
30
21
14
34
37
33
41
26
29
33
30
21
37
39
37
30
20
11
17
9
-8
-2
28
40
67
87
72
60
48
16
-12
-6
10
23
22
10
-6
-34
-46
-23
-10
5
-10
-6
-8
-11
-7
4
14
16
26
25
37
31
27
15
2
-10
-17
-2
13
8
3
8
-19
-17
-20
12
30
21
24
25
45
42
25
18
40
20
8
14
24
36
27
44
35
30
43
49
40
26
29
27
40
25
22
17
-1
27
31
32
28
29
15
20
20
35
34
30
30
43
41
42
49
37
31
32
53
72
57
41
36
9
13
19
11
13
11
14
23
22
50
26
25
24
-9
-4
15
26
23
40
41
46
33
22
2
17
23
23
29
26
32
30
32
21
8
30
16
4
31
5
11
24
23
31
61
35
33
52
38
20
-13
8
0
-7
1
-11
-8
-5
-8
22
11
-3
11
31
25
28
41
12
2
8
17
21
34
41
29
33
40
31
30
43
37
36
30
24
3
9
9
6
17
20
26
23
29
32
30
36
31
36
12
12
4
-4
-3
-5
-6
-13
-2
-22
-22
-29
-9
-20
-25
-22
-9
8
24
43
29
22
16
18
51
52
38
32
19
24
33
44
47
50
36
37
25
34
7
16
41
52
74
70
57
29
22
23
26
40
59
68
64
51
46
43
54
81
67
73
66
47
66
54
62
73
50
35
35
57
58
48
35
24
30
24
34
49
59
70
77
76
84
90
56
69
66
70
91
85
71
49
46
50
71
78
80
73
70
69
62
60
38
28
29
37
59
72
66
60
69
51
42
47
31
31
34
27
42
48
32
30
24
-3
14
32
42
62
57
49
34
29
23
43
44
48
28
5
1
5
8
-7
1
-5
2
26
58
38
18
2
12
25
41
57
39
38
29
15
12
26
20
28
47
69
69
48
34
13
19
43
39
61
80
65
67
54
36
35
28
49
57
62
38
44
39
30
45
39
36
13
2
7
20
17
25
41
39
45
32
-4
14
10
14
37
42
45
40
19
-7
5
11
21
45
49
44
30
39
43
49
65
58
30
26
19
12
20
29
20
19
14
-12
-15
-18
5
14
0
-15
-15
-10
-7
-15
2
11
-3
10
16
-1
23
36
18
27
17
-2
-4
-23
-24
-5
-10
-26
-28
-53
-62
-45
-38
-47
-38
-26
-12
18
7
-13
-32
-26
-44
-35
-26
-30
-40
-39
-57
-50
-53
-41
-15
-22
-19
-49
-50
-46
-36
-21
-20
-27
-51
-68
-82
-67
-33
-37
-51
-46
-68
-74
-66
-52
-20
-4
-15
-42
-42
-52
-36
-15
-16
-8
-26
-23
-28
-23
10
-9
-12
-39
-50
-44
-56
-38
-51
-41
-43
-31
-46
-21
-5
-9
-1
-6
-5
-31
-40
-33
-60
-42
-11
-9
-12
-15
-5
-9
9
9
-14
-9
-4
2
9
-5
9
3
10
-3
-12
-12
-14
-7
-32
-33
-44
-55
-46
-35
-36
-14
-16
-27
-25
-42
-13
10
3
-10
-23
-35
-13
-16
-11
-24
-53
-54
-57
-51
-55
-58
-52
-54
-51
-76
-93
-81
-98
-105
-89
-92
-93
-71
-67
-69
-63
-85
-94
-93
-71
-61
-71
-96
-107
-111
-128
-99
-99
-122
-112
-96
-92
-105
-117
-105
-99
-82
-39
-31
-40
-50
-77
-70
-101
-93
-120
-137
-126
-141
-132
-130
-123
-128
-127
-102
-99
-77
-85
-113
-118
-131
-142
-115
-94
-106
-98
-120
-104
-115
-131
-131
-144
-136
-116
-103
-97
-103
-114
-107
-127
-106
-96
-84
-58
-63
-67
-70
-49
-63
-77
-69
-72
-85
-96
-87
-95
-103
-126
-135
-119
-83
-67
-87
-97
-104
-93
-71
-70
-75
-95
-91
-86
-73
-60
-64
-71
-62
-73
-52
-61
-84
-71
-92
-102
-123
-112
-117
-101
-124
-124
-119
-114
-91
-87
-78
-83
-84
-96
-80
-67
-83
-82
-93
-98
-90
-81
-81
-77
-89
-87
-92
-91
-59
-74
-92
-101
-100
-137
-125
-112
-122
-121
-147
-161
-147
-155
-150
-128
-131
-116
-132
-133
-132
-115
-98
-110
-107
-124
-138
-130
-134
-141
-133
-115
-136
-134
-152
-176
-163
-140
-135
-137
-114
-131
-143
-147
-127
-125
-116
-120
-134
-129
-143
-113
-132
-132
-161
-151
-150
-169
-150
-133
-116
-141
-127
-128
-121
-133
-136
-119
-123
-112
-111
-133
-141
-118
-144
-147
-140
-139
-144
-160
-180
-171
-149
-122
-131
-120
-122
-113
-102
-112
-102
-116
-110
-138
-153
-130
-118
-118
-120
-123
-134
-142
-165
-177
-184
-187
-183
-172
-179
-170
-168
-168
-152
-161
-144
-121
-124
-126
-132
-129
-119
-114
-114
-116
-107
-127
-126
-117
-96
-98
-129
-130
-145
-150
-135
-129
-127
-134
-122
-99
-91
-101
-88
-82
-81
-81
-68
-61
-63
-101
-125
-130
-127
-135
-142
-123
-110
-98
-83
-66
-84
-99
-107
-130
-143
-124
-113
-108
-83
-113
-136
-159
-171
-152
-153
-129
-99
-100
-94
-106
-106
-92
-90
-55
-35
-37
-63
-107
-124
-111
-105
-87
-73
-58
-68
-98
-62
-67
-66
-68
-106
-104
-92
-83
-67
-49
-39
-42
-47
-50
-59
-83
-69
-61
-58
-78
-76
-78
-89
-81
-81
-66
-78
-76
-67
-54
-42
-37
-35
-51
-59
-57
-59
-61
-75
-74
-45
-69
-87
-82
-78
-73
-64
-64
-55
-70
-72
-72
-69
-80
-91
-42
-36
-46
-40
-48
-53
-54
-35
-34
-30
-27
-37
-16
-28
-43
-35
-44
-50
-71
-67
-57
-33
-13
1
6
-30
-48
-57
-45
-34
-26
-16
5
13
-13
-37
-56
-70
-64
-84
-67
-71
-85
-97
-87
-74
-71
-56
-45
-37
-41
-41
-52
-48
-53
-45
-43
-47
-50
-74
-71
-68
-57
-78
-64
-45
-32
-30
-25
-31
-40
-44
-76
-83
-98
-99
-103
-93
-91
-106
-107
-108
-97
-89
-101
-109
-129
-124
-114
-112
-118
-118
-115
-109
-78
-69
-53
-58
-73
-81
-95
-120
-98
-98
-88
-55
-66
-69
-79
-91
-107
-82
-52
-22
-19
-28
-40
-50
-54
-73
-43
-22
-42
-50
-68
-97
-115
-119
-126
-126
-95
-82
-67
-60
-61
-62
-80
-74
-61
-69
-47
-35
-29
-47
-53
-58
-81
-75
-67
-51
-50
-81
-78
-68
-79
-65
-73
-76
-89
-75
-73
-71
-57
-70
-63
-54
-67
-73
-35
-30
-40
-46
-31
-47
-65
-71
-73
-62
-84
-82
-71
-72
-61
-59
-63
-57
-45
-39
-35
-49
-49
-44
-51
-52
-57
-76
-57
-50
-79
-67
-48
-49
-52
-47
-48
-25
-3
-19
-11
-33
-56
-72
-56
-18
-13
-17
-26
-34
-69
-76
-51
-40
-32
-7
1
-21
-27
-25
-41
-30
-34
-43
-57
-75
-57
-65
-60
-52
-49
-48
-46
-78
-68
-69
-63
-45
-50
-68
-85
-78
-67
-69
-63
-55
-75
-70
-75
-71
-76
-73
-80
-56
-68
-73
-81
-64
-69
-102
-106
-101
-75
-73
-52
-49
-44
-46
-57
-53
-68
-37
-30
-31
-34
-51
-63
-75
-80
-83
-66
-60
-50
-53
-55
-57
-58
-60
-91
-69
-51
-30
-27
-44
-47
-60
-62
-63
-64
-39
-25
-8
-38
-46
-61
-94
-85
-56
-36
-36
-26
-44
-34
-26
-16
-14
-53
-56
-51
-42
-36
-33
-26
-16
-19
-46
-48
-46
-35
-39
-39
-18
-6
-12
-31
-68
-84
-47
-37
-16
0
-5
-13
-49
-37
-51
-48
-49
-37
-61
-61
-29
-37
-34
-19
-29
-39
-29
-23
-3
-2
4
-5
-23
-30
-36
-33
-23
-5
-16
-31
-41
-45
-55
-35
-41
-59
-47
-41
-52
-44
-27
-40
-56
-60
-83
-76
-87
-79
-63
-65
-77
-70
-88
-72
-58
-47
-58
-52
-46
-66
-76
-80
-71
-70
-46
-41
-37
-55
-70
-52
-54
-53
-36
-51
-46
-44
-38
-43
-56
-59
-76
-97
-111
-104
-86
-68
-55
-61
-81
-95
-90
-73
-51
-27
-29
-56
-75
-70
-54
-57
-49
-48
-60
-76
-91
-93
-74
-55
-44
-32
-55
-76
-76
-71
-82
-67
-50
-28
-26
-39
-60
-74
-48
-48
-60
-50
-54
-25
