9
-70
-61
-74
-28
-9
34
56
37
7
9
-4
-7
0
5
23
17
23
20
23
34
31
22
39
3
-14
-22
-5
-14
18
9
22
20
51
82
86
59
39
60
19
46
44
38
15
8
-7
-13
-11
-24
-25
-17
-13
-36
-15
-18
-12
-21
-35
-38
-68
-22
-2
48
44
22
47
35
30
31
24
26
35
62
39
24
-10
-37
-70
-80
-65
-36
0
-33
-25
-50
-36
-19
-26
2
9
2
-10
-6
-28
-16
-25
-45
-30
-11
-19
-5
16
25
5
5
15
-19
-18
-6
-1
-9
-26
-40
-34
-40
-25
-12
-19
-26
-35
10
38
56
85
66
44
25
33
2
-6
-20
-63
-67
-49
-60
-14
26
-1
20
12
-6
3
-5
6
4
8
38
25
36
51
50
72
49
17
-23
-54
-49
-52
-56
-67
-81
-100
-93
-96
-81
-70
-52
-43
-33
-6
14
51
70
68
68
81
73
38
-6
-10
-53
-73
-62
-85
-73
-35
-21
-26
-39
-22
-7
-11
-9
4
33
32
11
21
31
35
37
4
-9
-13
-6
17
1
-8
-21
-78
-91
-89
-76
-67
-59
-40
-18
8
24
25
-6
-6
-4
-23
5
14
16
17
-10
-24
-28
-36
-19
-9
-3
44
18
-6
-5
17
26
71
105
88
122
97
29
14
22
44
27
38
55
51
40
39
48
20
-8
-2
29
30
37
29
38
13
-22
-15
22
23
28
43
9
24
-7
-14
3
7
5
23
67
89
103
93
80
63
103
102
83
85
40
7
-43
-54
-53
-61
-87
-39
-37
-10
-19
-27
-1
-14
-15
-20
-2
2
11
-56
-33
2
-18
-47
-49
-71
-79
-53
-36
-47
-23
-2
-75
-78
-80
-46
-65
-65
-48
-35
-27
-30
26
51
68
50
76
53
25
29
11
21
-14
-22
-64
-77
-55
-22
-1
-8
12
13
2
6
-24
-15
4
23
29
15
31
30
14
5
8
-4
-19
-48
-66
-70
-80
-75
-77
-76
-52
-24
2
18
19
-11
-16
8
44
31
27
-3
-16
6
2
23
13
17
4
-6
-3
16
-22
-42
-43
-28
-38
-41
-7
-42
-16
-37
-21
-8
-39
7
17
37
47
42
51
37
29
28
46
27
13
-2
21
39
37
51
36
67
49
64
49
31
45
43
19
41
48
16
18
-1
39
70
115
104
85
61
87
73
87
102
96
83
61
124
108
84
74
39
47
46
59
68
29
45
54
58
93
72
38
45
41
87
48
42
68
80
64
61
29
35
26
-2
6
5
1
14
15
1
-4
-12
4
29
70
67
81
88
82
87
61
51
61
52
82
83
99
72
35
50
62
56
56
49
35
25
39
83
94
117
152
110
117
114
111
154
136
131
106
92
100
94
72
47
58
72
61
40
47
55
49
78
113
125
128
119
105
127
99
97
114
103
87
73
87
81
86
78
58
29
57
55
87
67
32
33
54
73
55
57
15
45
53
62
81
47
7
-1
27
56
81
115
123
112
95
40
24
26
39
4
28
32
17
10
28
7
2
26
-12
-10
-24
-7
-30
17
45
21
32
12
23
40
31
11
-1
-25
3
21
12
-33
-42
-32
-54
-40
-46
-68
-49
-29
-40
-16
26
17
37
77
87
108
82
37
19
-32
-44
-31
-3
-7
-59
-57
-43
-76
-64
-51
-30
-24
19
22
28
16
27
84
20
40
57
19
-1
12
20
38
37
0
10
0
5
-13
-2
-5
7
5
-3
13
28
69
71
59
33
23
-4
-28
-14
-2
1
27
37
67
69
27
4
4
-19
-24
-26
-21
8
-5
17
0
23
43
51
30
-3
-6
-30
-50
-41
-58
1
33
21
33
28
22
-3
4
-11
-10
-7
-26
-34
-19
-22
-6
17
-1
-54
-29
-36
-42
-33
-62
-12
-1
16
36
36
18
-10
-3
-34
-49
-31
-18
-24
-36
-11
5
3
-6
-72
-101
-114
-98
-75
-97
-76
-53
-44
-16
-60
-36
-29
-16
15
-5
-1
-31
6
1
-9
-3
55
29
2
-20
-43
-32
-43
-67
-43
-41
-38
-1
-30
-7
-15
-16
-13
-4
-34
-41
-82
-107
-108
-118
-98
-81
-96
-91
-70
-87
-70
-102
-102
-88
-71
-85
-98
-92
-89
-93
-57
-25
-38
-46
-80
-91
-100
-46
-30
-24
4
-7
26
2
0
-5
-5
-37
-29
-37
-58
-24
-7
24
1
34
19
24
52
19
-57
-42
-61
-76
-57
-70
-61
-39
-32
-44
-54
-77
-98
-77
-30
-16
-5
-10
-55
-47
-60
-70
-18
-20
-34
-79
-9
-17
-71
-57
-84
-56
-51
-33
2
-22
-33
-36
-70
-81
-70
-38
-17
-44
-42
-29
-37
-43
-63
-65
-79
-78
-72
-80
-57
-66
-53
-64
-38
-40
-40
-33
-41
-48
-97
-112
-99
-108
-93
-137
-128
-106
-97
-58
-126
-117
-133
-80
-68
-51
12
47
37
-3
-1
-34
-64
-43
-66
-66
-94
-108
-74
-85
-62
-88
-118
-116
-160
-159
-104
-61
-22
-44
-48
-33
-30
-20
4
33
20
-29
-40
-92
-136
-138
-114
-59
-40
-16
-9
-23
-40
-48
-41
-49
-29
6
2
24
20
18
88
95
54
24
-2
-4
31
15
-11
0
1
-5
16
42
70
65
60
55
68
70
85
58
80
104
61
45
31
-6
-17
12
-26
-34
-28
-30
-10
-2
35
63
61
64
17
11
19
22
57
92
137
156
160
102
43
22
-37
-22
-11
23
-36
-54
-48
-40
-63
-53
-64
-60
-26
-1
10
8
45
46
14
19
19
3
37
30
2
2
-1
-21
-61
-29
-24
35
104
102
96
86
69
86
103
75
85
43
45
26
-35
-42
-19
-38
-47
-17
-23
13
12
10
19
28
5
-4
21
88
144
105
104
51
36
22
48
51
2
16
-12
-46
-18
14
8
32
62
45
7
-25
-6
6
3
-8
-52
-13
-56
-43
-3
37
18
-29
-66
-109
-96
-81
-24
-21
2
38
31
12
14
55
70
61
64
85
113
67
97
86
45
44
13
-6
-5
5
12
52
34
39
85
81
58
56
63
100
99
119
151
142
123
115
123
109
93
49
20
-42
-53
0
42
47
71
87
114
125
118
126
124
111
108
97
59
40
32
23
-24
-20
0
6
34
34
52
41
47
42
36
47
53
38
34
30
70
91
62
68
17
18
38
57
97
76
58
52
54
50
80
89
59
28
13
62
98
118
71
69
66
71
65
65
75
40
11
17
34
71
60
76
61
60
53
90
85
104
99
84
112
88
122
103
89
66
64
83
70
25
27
16
-47
-28
-7
32
37
63
77
73
111
98
154
192
173
152
141
116
135
138
90
53
57
54
-2
-22
-63
-79
-63
-51
-25
-9
13
27
67
105
93
102
65
48
55
67
66
19
25
30
57
65
51
35
29
11
-15
-29
-20
13
34
35
26
63
89
74
73
69
47
14
30
33
45
69
64
36
40
3
-1
28
-1
-52
-60
-63
-47
-73
-71
-21
13
30
26
54
55
96
110
4
-19
-40
-23
-12
-20
-17
-17
-54
-56
-32
-63
-60
-128
-103
-112
-118
-70
-50
-39
-61
-33
-27
-15
-2
30
19
20
-23
-74
-56
-35
13
-15
29
106
78
49
-15
-70
-88
-103
-68
-26
-20
-12
-19
23
27
-1
30
14
-30
-16
-2
16
38
-4
-47
-61
-31
15
49
44
10
13
-16
8
-25
-39
-40
-66
-54
-60
-51
-20
-7
-34
-60
-35
4
-13
-37
-18
-37
-30
-34
-19
-13
-24
20
16
60
20
-36
-75
-126
-83
-63
-23
-23
-1
6
23
35
49
90
96
89
123
126
87
40
-12
5
-45
-41
-12
40
99
135
130
158
135
105
69
55
45
50
89
102
90
58
40
17
9
-9
-4
31
5
-16
-20
-18
-15
2
16
-7
-39
-47
-32
-17
2
3
-20
3
57
37
46
34
-2
0
-50
-74
-9
31
31
31
38
2
-38
-45
-20
-12
-6
-2
19
51
35
43
13
-31
-4
2
10
18
1
-21
-30
-12
-51
-27
-61
-96
-44
-40
7
25
28
-19
-23
-39
-61
-34
-12
31
22
-25
-47
-16
29
74
51
20
35
-9
-16
-4
-18
-15
-4
16
27
0
-30
-68
-85
-91
-97
-104
-98
-88
-80
-27
-35
-39
-58
-34
-30
-38
-21
9
-5
15
15
-16
-7
-31
-17
-14
-5
-16
8
-16
-31
-69
-61
-27
-7
-8
-49
-65
-86
-86
-85
-52
-20
-1
-11
-20
-74
-74
-59
-37
-56
-60
-51
-65
-48
-30
-28
-14
-10
-3
-22
-34
-21
-4
-9
50
73
-33
-37
-73
-81
-82
-78
-98
-131
-143
-101
-129
-119
-106
-115
-55
-62
-27
-49
-17
11
-8
-62
-45
-29
-6
5
-1
-7
6
89
66
33
24
17
-2
-19
-16
-38
-13
-9
-31
-17
-16
-21
-27
-54
-28
-10
-33
-43
-44
-14
14
-6
-39
-65
-120
-139
-134
-98
-94
-83
-83
-88
-55
-35
28
9
19
33
-14
-18
-57
-91
-100
-78
-67
-56
-55
-9
-18
-28
-45
-42
-28
-56
-20
-10
-26
-30
-48
-1
9
-14
-42
-34
-42
-54
-67
-70
-48
16
23
-2
20
70
37
22
25
28
56
78
52
15
7
-30
-34
-25
7
-39
-30
13
6
32
58
26
47
75
61
58
6
-46
-38
-32
-4
32
43
40
101
110
106
84
24
27
28
17
48
29
35
47
50
130
142
155
125
163
94
41
65
48
33
64
123
118
130
104
62
57
50
9
-64
-121
-126
-128
-55
-3
22
74
42
74
84
101
170
164
197
164
125
98
44
50
-10
-10
-13
-19
-35
-51
-42
-41
16
37
9
-11
12
80
77
78
88
75
49
17
41
83
71
12
-25
-38
-19
29
73
92
134
101
52
16
48
44
69
77
92
117
58
33
54
13
-22
-26
-2
6
-10
-36
-61
-26
3
2
34
58
51
38
61
62
36
50
37
58
34
16
21
8
0
-38
-51
-20
-35
-34
-35
-36
36
64
5
-7
-16
-16
-8
-12
47
96
56
19
-32
-48
-10
22
84
51
14
9
45
72
78
89
53
8
2
59
107
117
127
81
37
21
14
39
89
90
87
105
87
100
121
106
45
34
7
13
8
-1
1
43
41
52
80
57
73
69
58
-1
-29
-8
-9
-21
-52
-84
-118
-87
-67
-21
52
17
15
0
8
26
19
45
68
48
0
-27
-15
-14
-9
2
-12
-48
-31
-27
-41
-45
-31
-46
-42
-28
-37
17
2
7
-21
-14
-7
31
63
79
88
21
-32
-56
-28
-50
-48
-63
-43
-38
-61
-63
-13
-23
-16
1
13
8
-37
-17
-27
-57
-132
-92
-74
-44
-6
-53
-28
-62
-63
-73
-45
-9
-1
-6
7
1
47
65
4
-21
-67
-106
-197
-169
-136
-120
-79
-63
-54
-66
-61
-24
12
66
39
24
-50
-71
-33
-9
15
-17
-52
-80
-71
-115
-82
-111
-108
-114
-115
-59
-33
-39
-39
-42
-53
-99
-130
-54
-39
-42
-65
-94
-69
-74
-112
-60
-108
-125
-120
-147
-171
-157
-115
-96
-101
-98
-85
-97
-128
-120
-135
-137
-118
-81
-43
-45
-15
-65
-78
-112
-112
-120
-103
-109
-102
-85
-79
-82
-89
-87
-91
-68
-52
-37
-56
-66
-85
-99
-81
-75
-64
-70
-101
-120
-140
-147
-158
-122
-89
-86
-94
-58
-33
14
23
-19
-19
-60
-41
-54
-66
-60
-79
-97
-115
-63
-44
-73
-107
-101
-136
-111
-95
-72
-51
-54
-41
-37
-48
-87
-70
-55
-31
36
34
5
-24
-40
-71
-80
-78
-69
-43
-69
-52
-54
-31
-33
-41
-31
-17
9
36
11
16
32
10
-14
-78
-66
-67
-51
5
-29
-91
-106
-127
-117
-107
-103
-65
-56
-59
-47
-50
-40
-6
-3
17
34
49
50
49
47
28
31
-1
-36
-68
-85
-69
-65
-50
-52
-60
-46
-43
2
-17
-25
21
13
51
52
6
-20
-23
-48
-77
-97
-121
-89
-72
-47
-56
-77
-120
-125
-152
-162
-132
-90
-33
-28
-13
-24
12
44
56
45
4
-7
-60
-90
-54
-80
-127
-125
-158
-130
-142
-114
-124
-106
-65
-101
-109
-110
-97
-55
-48
-19
-44
-40
-36
8
-9
1
14
-11
-20
-47
-46
-60
-80
-62
-67
-130
-187
